Query	Length_Query	Target	Length_Target	dG	ndG	Start_Position_Query	End_Position_Query	Start_Position_Target	End_Position_Target
BnaA01LNG0000400	 743	BnaA01g06840D	 396	-6.94	 -0.1477	653	743	1	91
BnaA01LNG0000700	 1491	BnaA01g08840D	 168	-18.33	 -0.1264	77	244	1	168
BnaA01LNG0000800	 1480	BnaA01g09680D	 486	-131.36	 -0.3220	1064	1480	1	417
BnaA01LNG0001000	 587	BnaA01g12000D	 57	-6.16	 -0.1311	46	102	1	57
BnaA01LNG0001100	 500	BnaA01g12000D	 57	-6.25	 -0.1488	41	97	1	57
BnaA01LNG0001200	 323	BnaA01g12000D	 57	-7.41	 -0.1950	9	65	1	57
BnaA01LNG0001300	 447	BnaA01g12600D	 78	-7.80	 -0.1660	346	423	1	78
BnaA01LNG0001300	 447	BnaA01g12610D	 120	-10.01	 -0.1410	5	124	1	120
BnaA01LNG0001300	 447	BnaA01g12630D	 57	-7.58	 -0.1516	307	363	1	57
BnaA01LNG0001400	 558	BnaA01g13000D	 450	-14.08	 -0.1028	1	175	276	450
BnaA01LNG0001400	 558	BnaA01g13060D	 507	-12.40	 -0.1069	410	558	1	149
BnaA01LNG0001700	 547	BnaA01g15770D	 1344	-10.68	 -0.1369	432	547	1	116
BnaA01LNG0001700	 547	BnaA01g15780D	 630	-6.39	 -0.1102	479	547	1	69
BnaA01LNG0001700	 547	BnaA01g15930D	 309	-7.66	 -1.0943	482	547	1	66
BnaA01LNG0001900	 2743	BnaA01g17080D	 63	-10.00	 -0.5000	1563	1625	1	63
BnaA01LNG0001900	 2743	BnaA01g17160D	 75	-16.60	 -0.2964	1818	1892	1	75
BnaA01LNG0002200	 2340	BnaA01g18220D	 171	-16.62	 -0.1059	1822	1992	1	171
BnaA01LNG0002300	 308	BnaA01g18220D	 171	-5.84	 -0.2336	1	42	130	171
BnaA01LNG0002300	 308	BnaA01g18250D	 213	-4.90	 -0.2450	1	25	189	213
BnaA01LNG0002300	 308	BnaA01g18280D	 1596	-6.12	 -0.1302	1	79	1518	1596
BnaA01LNG0002300	 308	BnaA01g18290D	 423	-9.36	 -0.5506	1	45	379	423
BnaA01LNG0002900	 1890	BnaA01g20870D	 168	-14.34	 -0.1103	1284	1451	1	168
BnaA01LNG0002900	 1890	BnaA01g20910D	 81	-8.50	 -0.1104	1419	1499	1	81
BnaA01LNG0002900	 1890	BnaA01g20930D	 93	-12.56	 -0.1427	1475	1567	1	93
BnaA01LNG0003000	 1082	BnaA01g20910D	 81	-7.48	 -0.1039	91	171	1	81
BnaA01LNG0003000	 1082	BnaA01g20930D	 93	-9.94	 -0.1104	409	501	1	93
BnaA01LNG0003100	 3872	BnaA01g20910D	 81	-11.75	 -0.1754	2680	2760	1	81
BnaA01LNG0003100	 3872	BnaA01g20930D	 93	-11.35	 -0.1555	276	368	1	93
BnaA01LNG0003200	 3654	BnaA01g20910D	 81	-11.75	 -0.1754	2462	2542	1	81
BnaA01LNG0003200	 3654	BnaA01g20930D	 93	-11.35	 -0.1555	58	150	1	93
BnaA01LNG0003500	 272	BnaA01g23380D	 990	-8.04	 -0.1436	201	272	1	72
BnaA01LNG0003500	 272	BnaA01g23400D	 846	-7.62	 -0.1016	1	113	734	846
BnaA01LNG0003800	 1074	BnaA01g25040D	 81	-11.75	 -0.1588	719	799	1	81
BnaA01LNG0003900	 507	BnaA01g25160D	 135	-11.34	 -0.1004	61	195	1	135
BnaA01LNG0003900	 507	BnaA01g25210D	 159	-7.55	 -0.1302	1	68	92	159
BnaA01LNG0004100	 9815	BnaA01g25180D	 114	-13.92	 -0.1254	5778	5891	1	114
BnaA01LNG0004200	 5475	BnaA01g26150D	 87	-10.43	 -0.2086	3869	3955	1	87
BnaA01LNG0004400	 1296	BnaA01g26350D	 144	-13.14	 -0.1043	10	153	1	144
BnaA01LNG0004400	 1296	BnaA01g26360D	 114	-9.64	 -0.1083	1	106	9	114
BnaA01LNG0004700	 1670	BnaA01g28730D	 102	-10.60	 -0.1104	149	250	1	102
BnaA01LNG0004800	 1495	BnaA01g28730D	 102	-11.44	 -0.1217	504	605	1	102
BnaA01LNG0005000	 910	BnaA01g29330D	 78	-7.97	 -0.1374	544	621	1	78
BnaA01LNG0005000	 910	BnaA01g29340D	 93	-9.17	 -0.1161	442	534	1	93
BnaA01LNG0005100	 1581	BnaA01g29480D	 141	-11.67	 -0.1024	1008	1148	1	141
BnaA01LNG0005200	 1066	BnaA01g29480D	 141	-13.60	 -0.1183	149	289	1	141
BnaA01LNG0005200	 1066	BnaA01g29540D	 312	-14.54	 -0.1412	957	1066	1	110
BnaA01LNG0005400	 742	BnaA01g30310D	 720	-17.43	 -0.1362	1	146	575	720
BnaA01LNG0005700	 1216	BnaA01g32200D	 855	-102.31	 -0.9054	1080	1216	1	137
BnaA01LNG0005800	 731	BnaA01g32430D	 63	-8.38	 -0.1524	616	678	1	63
BnaA01LNG0005900	 513	BnaA01g32880D	 429	-12.05	 -0.1148	1	153	277	429
BnaA01LNG0006200	 1061	BnaA01g34680D	 1383	-9.69	 -0.3028	1	39	1345	1383
BnaA01LNG0006600	 295	BnaA01g35730D	 63	-5.07	 -0.7243	269	295	1	27
BnaA01LNG0006700	 2156	BnaA01g35840D	 171	-12.56	 -0.1163	1	149	23	171
BnaA02LNG0000100	 1148	BnaA02g02010D	 1194	-245.78	 -0.2731	201	1148	1	948
BnaA02LNG0000500	 625	BnaA02g05740D	 63	-5.86	 -0.1010	349	411	1	63
BnaA02LNG0000500	 625	BnaA02g05860D	 63	-6.42	 -0.1427	215	277	1	63
BnaA02LNG0000600	 1677	BnaA02g08310D	 132	-8.55	 -0.1006	1571	1677	1	107
BnaA02LNG0000700	 754	BnaA02g08310D	 132	-9.49	 -0.1054	311	442	1	132
BnaA02LNG0000900	 305	BnaA02g08350D	 1257	-7.72	 -0.3357	255	305	1	51
BnaA02LNG0000900	 305	BnaA02g08380D	 225	-5.00	 -0.1020	218	305	1	88
BnaA02LNG0000900	 305	BnaA02g08400D	 1110	-7.01	 -0.8762	282	305	1	24
BnaA02LNG0001000	 534	BnaA02g08770D	 111	-8.71	 -0.1025	300	410	1	111
BnaA02LNG0001000	 534	BnaA02g08780D	 99	-11.46	 -0.3820	295	393	1	99
BnaA02LNG0001000	 534	BnaA02g08830D	 153	-12.72	 -0.1010	245	397	1	153
BnaA02LNG0001300	 365	BnaA02g10360D	 192	-10.64	 -0.1108	1	133	60	192
BnaA02LNG0001300	 365	BnaA02g10380D	 108	-8.91	 -0.1061	230	337	1	108
BnaA02LNG0001700	 387	BnaA02g12500D	 45	-8.09	 -0.4494	30	74	1	45
BnaA02LNG0001800	 385	BnaA02g12450D	 1413	-10.24	 -0.1442	1	79	1335	1413
BnaA02LNG0001800	 385	BnaA02g12500D	 45	-4.00	 -0.2857	105	149	1	45
BnaA02LNG0001900	 791	BnaA02g12610D	 159	-10.46	 -0.1260	570	728	1	159
BnaA02LNG0002000	 1001	BnaA02g12570D	 339	-19.45	 -0.1118	797	1001	1	205
BnaA02LNG0002200	 481	BnaA02g12900D	 102	-8.08	 -0.1107	81	182	1	102
BnaA02LNG0002200	 481	BnaA02g12930D	 261	-8.42	 -0.1427	395	481	1	87
BnaA02LNG0002700	 685	BnaA02g15630D	 333	-11.64	 -0.1130	1	180	154	333
BnaA02LNG0003200	 384	BnaA02g17920D	 222	-11.82	 -0.1391	262	384	1	123
BnaA02LNG0003300	 380	BnaA02g19140D	 438	-5.95	 -0.1352	1	67	372	438
BnaA02LNG0003400	 1279	BnaA02g19530D	 216	-14.23	 -0.1801	1175	1279	1	105
BnaA02LNG0003500	 211	BnaA02g20270D	 1380	-6.56	 -1.0933	1	25	1356	1380
BnaA02LNG0003500	 211	BnaA02g20290D	 57	-3.29	 -0.1219	100	156	1	57
BnaA02LNG0004200	 1102	BnaA02g21570D	 93	-10.34	 -0.1309	890	982	1	93
BnaA02LNG0004400	 939	BnaA02g22760D	 51	-5.76	 -0.1226	568	618	1	51
BnaA02LNG0004500	 434	BnaA02g22760D	 51	-4.55	 -0.1110	301	351	1	51
BnaA02LNG0004900	 1882	BnaA02g26160D	 69	-11.69	 -0.2125	1107	1175	1	69
BnaA02LNG0005000	 682	BnaA02g26790D	 66	-9.38	 -0.1646	375	440	1	66
BnaA02LNG0005000	 682	BnaA02g26870D	 72	-6.65	 -0.1304	278	349	1	72
BnaA02LNG0005100	 409	BnaA02g26790D	 66	-5.56	 -0.1090	311	376	1	66
BnaA02LNG0005100	 409	BnaA02g26800D	 369	-12.71	 -0.1033	1	152	218	369
BnaA02LNG0005100	 409	BnaA02g26870D	 72	-9.81	 -0.2002	54	125	1	72
BnaA02LNG0005400	 500	BnaA02g28550D	 210	-15.33	 -0.1198	360	500	1	141
BnaA02LNG0005500	 301	BnaA02g28640D	 1947	-10.32	 -0.1160	197	301	1	105
BnaA02LNG0005600	 2189	BnaA02g28750D	 102	-11.85	 -0.1445	251	352	1	102
BnaA02LNG0005600	 2189	BnaA02g28830D	 195	-17.15	 -0.1039	1719	1913	1	195
BnaA02LNG0006300	 515	BnaA02g35900D	 840	-11.93	 -0.1326	383	515	1	133
BnaA02LNG0006300	 515	BnaA02g35990D	 237	-8.13	 -0.1016	416	515	1	100
BnaA02LNG0006300	 515	BnaA02g36010D	 162	-8.13	 -0.1506	1	72	91	162
BnaA02LNG0006400	 315	BnaA02g36070D	 129	-10.51	 -0.1155	1	121	9	129
BnaA03LNG0000300	 242	BnaA03g06380D	 609	-7.49	 -0.1055	1	149	461	609
BnaA03LNG0000500	 408	BnaA03g08020D	 99	-8.51	 -0.1493	179	277	1	99
BnaA03LNG0000500	 408	BnaA03g08060D	 138	-14.13	 -0.1427	267	404	1	138
BnaA03LNG0000600	 598	BnaA03g08060D	 138	-13.29	 -0.1080	125	262	1	138
BnaA03LNG0000800	 801	BnaA03g11590D	 1608	-21.59	 -0.1053	1	227	1382	1608
BnaA03LNG0000800	 801	BnaA03g11650D	 567	-15.68	 -0.1936	1	148	420	567
BnaA03LNG0000800	 801	BnaA03g11670D	 339	-16.65	 -0.1173	1	151	189	339
BnaA03LNG0001800	 753	BnaA03g16910D	 162	-12.09	 -0.2198	1	58	105	162
BnaA03LNG0001800	 753	BnaA03g17000D	 993	-14.81	 -0.1001	1	181	813	993
BnaA03LNG0002000	 465	BnaA03g17710D	 174	-12.23	 -0.1082	310	465	1	156
BnaA03LNG0002000	 465	BnaA03g17730D	 1224	-14.21	 -0.1119	301	465	1	165
BnaA03LNG0002000	 465	BnaA03g17780D	 1008	-16.21	 -0.1118	258	465	1	208
BnaA03LNG0002100	 556	BnaA03g18940D	 63	-5.61	 -0.1336	50	112	1	63
BnaA03LNG0002200	 2243	BnaA03g19650D	 186	-16.22	 -0.1027	157	342	1	186
BnaA03LNG0002300	 1375	BnaA03g21150D	 78	-12.48	 -0.2115	1103	1180	1	78
BnaA03LNG0002400	 1356	BnaA03g21150D	 78	-11.55	 -0.1991	135	212	1	78
BnaA03LNG0002500	 1273	BnaA03g21340D	 222	-21.41	 -0.1290	313	534	1	222
BnaA03LNG0002500	 1273	BnaA03g21380D	 141	-18.91	 -0.1603	635	775	1	141
BnaA03LNG0002500	 1273	BnaA03g21400D	 261	-25.46	 -0.1083	221	481	1	261
BnaA03LNG0002600	 746	BnaA03g22000D	 789	-133.39	 -0.2074	100	746	1	647
BnaA03LNG0002700	 1972	BnaA03g22220D	 33	-5.27	 -0.2635	169	201	1	33
BnaA03LNG0002800	 299	BnaA03g22410D	 51	-8.12	 -0.1980	256	299	1	44
BnaA03LNG0002900	 251	BnaA03g23520D	 489	-9.98	 -0.1174	148	251	1	104
BnaA03LNG0002900	 251	BnaA03g23540D	 786	-7.07	 -0.3928	168	251	1	84
BnaA03LNG0002900	 251	BnaA03g23580D	 2079	-13.93	 -0.1857	134	251	1	118
BnaA03LNG0003100	 1020	BnaA03g24060D	 300	-26.91	 -0.1447	596	895	1	300
BnaA03LNG0003300	 318	BnaA03g24460D	 1296	-12.62	 -0.1158	1	132	1165	1296
BnaA03LNG0003300	 318	BnaA03g24510D	 1044	-10.82	 -0.1093	1	127	918	1044
BnaA03LNG0003300	 318	BnaA03g24530D	 693	-11.47	 -0.1738	1	86	608	693
BnaA03LNG0003500	 1216	BnaA03g24960D	 72	-6.25	 -0.1838	204	275	1	72
BnaA03LNG0003700	 227	BnaA03g26510D	 1953	-19.74	 -0.1028	1	227	1315	1541
BnaA03LNG0003900	 1965	BnaA03g29210D	 168	-45.92	 -0.3124	1561	1728	1	168
BnaA03LNG0004000	 623	BnaA03g29640D	 99	-15.87	 -0.1671	335	433	1	99
BnaA03LNG0004000	 623	BnaA03g29670D	 135	-13.39	 -0.1251	424	558	1	135
BnaA03LNG0004000	 623	BnaA03g29700D	 1437	-29.49	 -0.1328	340	623	1	284
BnaA03LNG0004000	 623	BnaA03g29730D	 90	-8.31	 -0.1052	324	413	1	90
BnaA03LNG0004000	 623	BnaA03g29870D	 60	-5.11	 -0.2433	527	586	1	60
BnaA03LNG0004500	 781	BnaA03g34170D	 117	-11.16	 -0.1298	406	522	1	117
BnaA03LNG0004600	 1007	BnaA03g34580D	 243	-20.82	 -0.1352	583	825	1	243
BnaA03LNG0004600	 1007	BnaA03g34640D	 144	-15.89	 -0.1151	346	489	1	144
BnaA03LNG0004700	 331	BnaA03g34900D	 285	-6.66	 -0.1903	227	331	1	105
BnaA03LNG0004700	 331	BnaA03g34930D	 420	-7.81	 -0.1070	1	106	315	420
BnaA03LNG0004700	 331	BnaA03g34970D	 621	-9.40	 -0.1160	1	103	519	621
BnaA03LNG0004900	 5642	BnaA03g35450D	 99	-11.42	 -0.1360	4240	4338	1	99
BnaA03LNG0004900	 5642	BnaA03g35460D	 102	-11.37	 -0.1672	3327	3428	1	102
BnaA03LNG0005200	 1823	BnaA03g36760D	 219	-12.64	 -0.1003	559	777	1	219
BnaA03LNG0005500	 1339	BnaA03g38240D	 33	-4.33	 -0.2279	1252	1284	1	33
BnaA03LNG0005600	 203	BnaA03g38760D	 306	-9.17	 -0.1030	1	126	181	306
BnaA03LNG0005600	 203	BnaA03g38830D	 189	-5.88	 -0.1589	1	56	134	189
BnaA03LNG0005600	 203	BnaA03g38860D	 1239	-11.37	 -0.1015	1	138	1102	1239
BnaA03LNG0005800	 339	BnaA03g40200D	 789	-13.53	 -0.1033	1	158	632	789
BnaA03LNG0005900	 522	BnaA03g40600D	 642	-6.96	 -0.2047	443	522	1	80
BnaA03LNG0006500	 405	BnaA03g43090D	 891	-9.72	 -0.1002	1	115	777	891
BnaA03LNG0006700	 815	BnaA03g43690D	 171	-13.00	 -0.1040	557	727	1	171
BnaA03LNG0006700	 815	BnaA03g43800D	 81	-8.39	 -0.1332	324	404	1	81
BnaA03LNG0007000	 1361	BnaA03g44940D	 237	-13.42	 -0.4329	1	49	189	237
BnaA03LNG0007200	 1342	BnaA03g50260D	 36	-5.94	 -0.3126	237	272	1	36
BnaA03LNG0007300	 1722	BnaA03g50440D	 75	-9.13	 -0.1574	801	875	1	75
BnaA03LNG0007300	 1722	BnaA03g50550D	 153	-8.86	 -0.1452	1630	1722	1	93
BnaA03LNG0007400	 401	BnaA03g50590D	 54	-7.43	 -0.1689	10	63	1	54
BnaA03LNG0007600	 337	BnaA03g52150D	 396	-9.01	 -0.1060	1	88	309	396
BnaA03LNG0007600	 337	BnaA03g52160D	 1773	-11.49	 -0.1436	245	337	1	93
BnaA03LNG0008000	 1224	BnaA03g53060D	 465	-15.90	 -0.1006	1	225	241	465
BnaA03LNG0008100	 2205	BnaA03g53260D	 153	-13.79	 -0.1254	1317	1469	1	153
BnaA03LNG0008300	 454	BnaA03g53810D	 393	-11.86	 -0.1098	342	454	1	113
BnaA03LNG0008900	 3338	BnaA03g56370D	 168	-16.07	 -0.1236	2327	2494	1	168
BnaA03LNG0008900	 3338	BnaA03g56450D	 72	-10.69	 -0.1670	2047	2118	1	72
BnaA03LNG0009100	 596	BnaA03g57360D	 69	-6.40	 -0.1208	289	357	1	69
BnaA03LNG0010000	 2061	BnaA03g59610D	 102	-11.89	 -0.1351	13	114	1	102
BnaA03LNG0010100	 553	BnaA03g59730D	 177	-6.71	 -0.2237	506	553	1	48
BnaA03LNG0010600	 2150	BnaA03g60590D	 63	-10.28	 -0.2570	551	613	1	63
BnaA03LNG0010600	 2150	BnaA03g60600D	 120	-11.51	 -0.1199	282	401	1	120
BnaA04LNG0000100	 410	BnaA04g02350D	 411	-8.14	 -0.1850	314	410	1	97
BnaA04LNG0000100	 410	BnaA04g02370D	 2925	-11.57	 -0.2361	329	410	1	82
BnaA04LNG0000200	 689	BnaA04g03170D	 48	-5.17	 -0.3041	105	152	1	48
BnaA04LNG0000400	 2037	BnaA04g04640D	 414	-16.85	 -0.1178	1868	2037	1	170
BnaA04LNG0000400	 2037	BnaA04g04680D	 69	-11.06	 -0.2304	317	385	1	69
BnaA04LNG0000700	 567	BnaA04g05340D	 219	-17.85	 -0.1014	378	567	1	190
BnaA04LNG0000800	 1454	BnaA04g06010D	 63	-6.27	 -0.1844	1133	1195	1	63
BnaA04LNG0000900	 361	BnaA04g06170D	 57	-5.13	 -0.1710	65	121	1	57
BnaA04LNG0001000	 589	BnaA04g06430D	 54	-10.07	 -0.5300	219	272	1	54
BnaA04LNG0001000	 589	BnaA04g06450D	 648	-9.50	 -1.5833	1	53	596	648
BnaA04LNG0001000	 589	BnaA04g06470D	 36	-5.39	 -0.2156	1	34	3	36
BnaA04LNG0001300	 1026	BnaA04g06600D	 675	-12.13	 -0.2205	1	68	608	675
BnaA04LNG0001400	 681	BnaA04g06730D	 51	-7.08	 -0.6436	174	224	1	51
BnaA04LNG0001700	 453	BnaA04g07150D	 66	-7.92	 -0.2200	1	58	9	66
BnaA04LNG0002100	 2056	BnaA04g09210D	 63	-8.52	 -0.1444	910	972	1	63
BnaA04LNG0002100	 2056	BnaA04g09280D	 114	-10.90	 -0.1652	1174	1287	1	114
BnaA04LNG0002200	 466	BnaA04g09210D	 63	-6.19	 -0.2814	1	38	26	63
BnaA04LNG0002300	 253	BnaA04g09440D	 279	-4.81	 -0.1659	1	167	113	279
BnaA04LNG0002900	 2457	BnaA04g12740D	 159	-17.20	 -0.1421	1360	1518	1	159
BnaA04LNG0002900	 2457	BnaA04g12840D	 171	-18.65	 -0.1130	935	1105	1	171
BnaA04LNG0003200	 760	BnaA04g13430D	 99	-10.12	 -0.1874	382	480	1	99
BnaA04LNG0003200	 760	BnaA04g13470D	 1494	-15.34	 -0.1489	1	145	1350	1494
BnaA04LNG0003900	 2884	BnaA04g16050D	 51	-5.13	 -0.1832	2648	2698	1	51
BnaA04LNG0004000	 1168	BnaA04g16050D	 51	-8.14	 -0.2713	121	171	1	51
BnaA04LNG0004200	 828	BnaA04g18700D	 39	-5.96	 -0.2292	731	769	1	39
BnaA04LNG0004400	 5540	BnaA04g20320D	 63	-8.55	 -0.2036	1886	1948	1	63
BnaA04LNG0004500	 691	BnaA04g20320D	 63	-7.44	 -0.1220	414	476	1	63
BnaA04LNG0004600	 2092	BnaA04g20770D	 210	-23.78	 -0.1171	225	434	1	210
BnaA04LNG0004700	 1567	BnaA04g20990D	 165	-13.68	 -0.1291	1437	1567	1	131
BnaA04LNG0004700	 1567	BnaA04g21000D	 147	-14.06	 -0.1098	945	1091	1	147
BnaA04LNG0005100	 530	BnaA04g27630D	 417	-11.99	 -0.1817	447	530	1	84
BnaA04LNG0005100	 530	BnaA04g27640D	 273	-13.44	 -0.1893	433	530	1	98
BnaA04LNG0005400	 1560	BnaA04g28400D	 111	-9.28	 -0.1079	207	317	1	111
BnaA05LNG0000100	 240	BnaA05g01190D	 765	-9.40	 -0.1270	160	240	1	81
BnaA05LNG0000300	 749	BnaA05g04360D	 117	-10.36	 -0.1248	663	749	1	87
BnaA05LNG0000400	 677	BnaA05g04620D	 60	-6.60	 -0.1404	208	267	1	60
BnaA05LNG0000600	 297	BnaA05g04930D	 90	-6.07	 -0.1958	1	51	40	90
BnaA05LNG0000600	 297	BnaA05g04990D	 462	-6.25	 -0.1894	1	73	390	462
BnaA05LNG0000600	 297	BnaA05g05040D	 60	-6.13	 -1.2260	272	297	1	26
BnaA05LNG0000800	 601	BnaA05g06550D	 72	-6.64	 -0.1703	544	601	1	58
BnaA05LNG0000900	 457	BnaA05g06550D	 72	-6.08	 -0.1842	153	224	1	72
BnaA05LNG0001100	 325	BnaA05g07900D	 1767	-7.74	 -0.3518	256	325	1	70
BnaA05LNG0001400	 715	BnaA05g08270D	 153	-6.89	 -0.1188	1	78	76	153
BnaA05LNG0001400	 715	BnaA05g08330D	 63	-10.70	 -0.1726	137	199	1	63
BnaA05LNG0001500	 3801	BnaA05g08480D	 117	-10.37	 -0.1047	3319	3435	1	117
BnaA05LNG0001500	 3801	BnaA05g08510D	 99	-12.81	 -0.1601	377	475	1	99
BnaA05LNG0001700	 419	BnaA05g09500D	 1530	-15.26	 -0.2090	1	96	1435	1530
BnaA05LNG0001800	 297	BnaA05g09580D	 237	-7.92	 -0.1257	225	297	1	73
BnaA05LNG0001900	 325	BnaA05g09580D	 237	-9.25	 -0.2569	276	325	1	50
BnaA05LNG0001900	 325	BnaA05g09710D	 675	-13.78	 -0.1130	198	325	1	128
BnaA05LNG0002100	 539	BnaA05g09630D	 2436	-8.86	 -0.1704	452	539	1	88
BnaA05LNG0002100	 539	BnaA05g09680D	 1146	-8.16	 -0.1383	461	539	1	79
BnaA05LNG0002100	 539	BnaA05g09690D	 1149	-8.10	 -0.1373	461	539	1	79
BnaA05LNG0002400	 372	BnaA05g11900D	 111	-6.53	 -0.1146	63	173	1	111
BnaA05LNG0002400	 372	BnaA05g11990D	 69	-4.65	 -0.1163	322	372	1	51
BnaA05LNG0002400	 372	BnaA05g12010D	 930	-7.49	 -0.1971	322	372	1	51
BnaA05LNG0002500	 8416	BnaA05g12350D	 219	-19.99	 -0.1030	6004	6222	1	219
BnaA05LNG0002700	 7061	BnaA05g12920D	 1473	-241.97	 -0.3218	6059	7061	1	1003
BnaA05LNG0002700	 7061	BnaA05g12960D	 159	-16.98	 -0.1403	3368	3526	1	159
BnaA05LNG0002700	 7061	BnaA05g12990D	 213	-18.58	 -0.1169	41	253	1	213
BnaA05LNG0004000	 625	BnaA05g17660D	 129	-13.26	 -0.1251	18	146	1	129
BnaA05LNG0004000	 625	BnaA05g17670D	 129	-8.58	 -0.1009	254	382	1	129
BnaA05LNG0004400	 3130	BnaA05g19220D	 36	-7.48	 -0.9350	2236	2271	1	36
BnaA05LNG0004700	 693	BnaA05g21380D	 642	-17.90	 -0.1053	1	249	394	642
BnaA05LNG0005400	 3381	BnaA05g26080D	 846	-788.55	 -0.9410	2109	2954	1	846
BnaA05LNG0005600	 1636	BnaA05g26670D	 84	-11.23	 -0.4011	545	628	1	84
BnaA05LNG0005600	 1636	BnaA05g26850D	 54	-6.17	 -0.1624	568	621	1	54
BnaA05LNG0005800	 506	BnaA05g33530D	 147	-8.66	 -0.1255	320	466	1	147
BnaA05LNG0005800	 506	BnaA05g33560D	 78	-8.99	 -0.1199	425	502	1	78
BnaA05LNG0006400	 402	BnaA05g35280D	 141	-4.15	 -0.2075	1	100	42	141
BnaA05LNG0006800	 654	BnaA05g35960D	 402	-26.16	 -0.1137	409	654	1	246
BnaA05LNG0006800	 654	BnaA05g35990D	 150	-12.61	 -0.1136	453	602	1	150
BnaA05LNG0006900	 245	BnaA05g35930D	 243	-7.34	 -0.1147	111	245	1	135
BnaA05LNG0007100	 549	BnaA05g36490D	 81	-5.66	 -0.1348	289	369	1	81
BnaA05LNG0007100	 549	BnaA05g36540D	 54	-3.28	 -0.1640	295	348	1	54
BnaA05LNG0007200	 1198	BnaA05g36490D	 81	-6.84	 -0.1006	328	408	1	81
BnaA05LNG0007200	 1198	BnaA05g36540D	 54	-4.49	 -0.1952	907	960	1	54
BnaA06LNG0000400	 3331	BnaA06g00820D	 96	-9.24	 -0.1566	1755	1850	1	96
BnaA06LNG0000800	 561	BnaA06g06850D	 579	-15.57	 -0.1096	386	561	1	176
BnaA06LNG0000800	 561	BnaA06g06920D	 123	-9.76	 -0.1162	119	241	1	123
BnaA06LNG0001100	 1763	BnaA06g10260D	 135	-16.59	 -0.2048	1280	1414	1	135
BnaA06LNG0001200	 718	BnaA06g10260D	 135	-11.70	 -0.1170	577	711	1	135
BnaA06LNG0001500	 2753	BnaA06g12740D	 174	-17.40	 -0.1308	1904	2077	1	174
BnaA06LNG0001500	 2753	BnaA06g12850D	 102	-9.24	 -0.1087	463	564	1	102
BnaA06LNG0001800	 1737	BnaA06g14120D	 63	-8.74	 -0.1986	443	505	1	63
BnaA06LNG0001800	 1737	BnaA06g14170D	 159	-13.08	 -0.1022	1291	1449	1	159
BnaA06LNG0002100	 441	BnaA06g14940D	 96	-7.13	 -0.1876	72	167	1	96
BnaA06LNG0002200	 342	BnaA06g14940D	 96	-5.47	 -0.1439	247	342	1	96
BnaA06LNG0002500	 754	BnaA06g15410D	 1020	-7.24	 -0.1149	661	754	1	94
BnaA06LNG0002700	 903	BnaA06g16110D	 1032	-3.69	 -0.7380	833	903	1	71
BnaA06LNG0002700	 903	BnaA06g16230D	 177	-6.20	 -0.1512	1	76	102	177
BnaA06LNG0002800	 1245	BnaA06g17440D	 99	-13.55	 -0.1576	617	715	1	99
BnaA06LNG0002800	 1245	BnaA06g17480D	 108	-10.05	 -0.1358	863	970	1	108
BnaA06LNG0002900	 1618	BnaA06g17440D	 99	-17.57	 -0.3379	333	431	1	99
BnaA06LNG0002900	 1618	BnaA06g17480D	 108	-14.94	 -0.1409	285	392	1	108
BnaA06LNG0002900	 1618	BnaA06g17580D	 75	-11.31	 -0.1639	336	410	1	75
BnaA06LNG0003100	 574	BnaA06g18630D	 879	-6.27	 -0.8957	526	574	1	49
BnaA06LNG0003100	 574	BnaA06g18660D	 69	-4.01	 -0.2673	543	574	1	32
BnaA06LNG0003100	 574	BnaA06g18670D	 429	-11.13	 -0.2319	525	574	1	50
BnaA06LNG0003100	 574	BnaA06g18680D	 948	-4.98	 -0.3320	481	574	1	94
BnaA06LNG0003100	 574	BnaA06g18700D	 1254	-7.18	 -0.1465	516	574	1	59
BnaA06LNG0003100	 574	BnaA06g18710D	 867	-5.46	 -0.1213	519	574	1	56
BnaA06LNG0003200	 2079	BnaA06g18790D	 249	-13.27	 -0.1474	1	111	139	249
BnaA06LNG0003700	 1012	BnaA06g19530D	 87	-10.83	 -0.1593	431	517	1	87
BnaA06LNG0004100	 206	BnaA06g20990D	 183	-8.32	 -0.1242	1	110	74	183
BnaA06LNG0004500	 4173	BnaA06g22210D	 54	-9.11	 -0.3961	4000	4053	1	54
BnaA06LNG0004800	 242	BnaA06g25810D	 111	-3.82	 -0.2122	1	64	48	111
BnaA06LNG0004800	 242	BnaA06g25850D	 354	-8.50	 -0.1518	1	112	243	354
BnaA06LNG0004800	 242	BnaA06g25870D	 252	-5.98	 -0.1150	1	121	132	252
BnaA06LNG0005100	 1100	BnaA06g27520D	 153	-16.43	 -0.1174	540	692	1	153
BnaA06LNG0005200	 634	BnaA06g27790D	 966	-12.50	 -0.1096	495	634	1	140
BnaA06LNG0005300	 562	BnaA06g28450D	 153	-15.13	 -0.1780	324	476	1	153
BnaA06LNG0005600	 1826	BnaA06g32860D	 129	-12.69	 -0.1085	1576	1704	1	129
BnaA06LNG0005700	 391	BnaA06g33660D	 735	-13.57	 -0.1069	243	391	1	149
BnaA06LNG0006400	 1665	BnaA06g36390D	 48	-8.03	 -0.5353	1120	1167	1	48
BnaA06LNG0006700	 686	BnaA06g37820D	 177	-18.56	 -0.1428	335	511	1	177
BnaA06LNG0006700	 686	BnaA06g37860D	 720	-27.21	 -0.1063	395	686	1	292
BnaA06LNG0006800	 2234	BnaA06g38450D	 297	-29.94	 -0.1065	1732	2028	1	297
BnaA07LNG0000200	 1962	BnaA07g01040D	 54	-8.34	 -0.2876	1886	1939	1	54
BnaA07LNG0000500	 624	BnaA07g01490D	 369	-7.59	 -0.8433	591	624	1	34
BnaA07LNG0000500	 624	BnaA07g01500D	 210	-13.49	 -0.1097	220	429	1	210
BnaA07LNG0000500	 624	BnaA07g01570D	 966	-12.09	 -0.1752	1	84	883	966
BnaA07LNG0000600	 584	BnaA07g01540D	 195	-16.71	 -0.1007	270	464	1	195
BnaA07LNG0001200	 4119	BnaA07g02110D	 168	-21.05	 -0.1607	3577	3744	1	168
BnaA07LNG0001400	 230	BnaA07g02390D	 909	-8.48	 -0.1116	143	230	1	88
BnaA07LNG0001600	 1833	BnaA07g02590D	 849	-369.09	 -0.4436	580	1428	1	849
BnaA07LNG0001700	 1489	BnaA07g02850D	 105	-56.18	 -0.5977	29	133	1	105
BnaA07LNG0003000	 417	BnaA07g06400D	 57	-4.23	 -0.2350	87	143	1	57
BnaA07LNG0003100	 2648	BnaA07g06600D	 105	-12.48	 -0.1236	294	398	1	105
BnaA07LNG0003100	 2648	BnaA07g06640D	 321	-10.26	 -0.1026	1	111	211	321
BnaA07LNG0003200	 971	BnaA07g07520D	 150	-6.17	 -0.1122	1	59	92	150
BnaA07LNG0003300	 669	BnaA07g07970D	 165	-8.66	 -0.1110	549	669	1	121
BnaA07LNG0004100	 1789	BnaA07g17430D	 129	-10.73	 -0.1052	286	414	1	129
BnaA07LNG0004100	 1789	BnaA07g17470D	 78	-7.38	 -0.1942	434	511	1	78
BnaA07LNG0004200	 615	BnaA07g19130D	 924	-12.01	 -0.1278	1	112	813	924
BnaA07LNG0004500	 1387	BnaA07g20930D	 378	-18.87	 -0.1072	1164	1387	1	224
BnaA07LNG0004600	 333	BnaA07g22120D	 294	-6.86	 -0.4573	305	333	1	29
BnaA07LNG0004600	 333	BnaA07g22180D	 423	-6.18	 -0.1030	263	333	1	71
BnaA07LNG0004600	 333	BnaA07g22190D	 171	-8.30	 -0.3320	289	333	1	45
BnaA07LNG0004600	 333	BnaA07g22220D	 1113	-4.90	 -0.2042	302	333	1	32
BnaA07LNG0004900	 389	BnaA07g23150D	 1119	-9.41	 -0.1344	313	389	1	77
BnaA07LNG0004900	 389	BnaA07g23220D	 1569	-7.02	 -0.6382	1	33	1537	1569
BnaA07LNG0004900	 389	BnaA07g23260D	 1140	-6.67	 -0.1588	1	63	1078	1140
BnaA07LNG0004900	 389	BnaA07g23280D	 240	-9.37	 -0.2082	1	53	188	240
BnaA07LNG0004900	 389	BnaA07g23310D	 606	-11.27	 -1.0245	1	18	589	606
BnaA07LNG0004900	 389	BnaA07g23340D	 768	-6.42	 -0.5350	1	16	753	768
BnaA07LNG0005500	 326	BnaA07g24380D	 273	-21.45	 -0.1179	1	239	35	273
BnaA07LNG0005600	 1538	BnaA07g24610D	 135	-14.38	 -0.1396	174	308	1	135
BnaA07LNG0006200	 680	BnaA07g27260D	 264	-8.16	 -0.1736	578	680	1	103
BnaA07LNG0006200	 680	BnaA07g27400D	 231	-7.93	 -0.1072	1	126	106	231
BnaA07LNG0006400	 736	BnaA07g27700D	 51	-4.74	 -0.1823	572	622	1	51
BnaA07LNG0006400	 736	BnaA07g27760D	 333	-14.25	 -0.1549	618	736	1	119
BnaA07LNG0006800	 254	BnaA07g28270D	 84	-8.55	 -0.1745	1	58	27	84
BnaA07LNG0006900	 721	BnaA07g28270D	 84	-6.92	 -0.1003	563	646	1	84
BnaA07LNG0007000	 1494	BnaA07g28650D	 81	-9.88	 -0.1267	1143	1223	1	81
BnaA07LNG0007100	 341	BnaA07g29640D	 318	-7.06	 -0.1009	1	83	236	318
BnaA07LNG0007400	 2606	BnaA07g33150D	 120	-14.03	 -0.1375	711	830	1	120
BnaA07LNG0007400	 2606	BnaA07g33180D	 195	-14.43	 -0.1110	599	793	1	195
BnaA07LNG0007700	 1477	BnaA07g35100D	 123	-11.46	 -0.1135	1321	1443	1	123
BnaA07LNG0007800	 1440	BnaA07g35840D	 126	-9.29	 -0.1308	141	266	1	126
BnaA07LNG0007800	 1440	BnaA07g35890D	 135	-13.47	 -0.1142	207	341	1	135
BnaA07LNG0007900	 271	BnaA07g36040D	 111	-5.87	 -0.2795	1	97	15	111
BnaA07LNG0007900	 271	BnaA07g36100D	 477	-5.73	 -0.3820	1	40	438	477
BnaA07LNG0007900	 271	BnaA07g36120D	 1188	-4.68	 -0.1088	1	97	1092	1188
BnaA07LNG0007900	 271	BnaA07g36150D	 204	-4.39	 -0.2090	1	31	174	204
BnaA07LNG0008000	 719	BnaA07g36390D	 393	-18.83	 -0.1101	1	188	206	393
BnaA07LNG0008200	 841	BnaA07g37830D	 144	-10.45	 -0.1066	75	218	1	144
BnaA08LNG0000200	 475	BnaA08g01360D	 495	-5.96	 -0.1084	1	86	410	495
BnaA08LNG0000200	 475	BnaA08g01390D	 495	-7.10	 -0.1291	1	86	410	495
BnaA08LNG0000300	 807	BnaA08g01370D	 198	-11.19	 -0.1056	679	807	1	129
BnaA08LNG0000500	 974	BnaA08g02420D	 36	-5.57	 -0.2321	163	198	1	36
BnaA08LNG0000700	 641	BnaA08g02880D	 342	-7.76	 -0.1584	1	69	274	342
BnaA08LNG0001300	 3247	BnaA08g05210D	 141	-14.25	 -0.1096	156	296	1	141
BnaA08LNG0001400	 229	BnaA08g05510D	 321	-8.86	 -0.1641	1	55	267	321
BnaA08LNG0001400	 229	BnaA08g05570D	 330	-5.95	 -0.1102	1	112	219	330
BnaA08LNG0001800	 581	BnaA08g06040D	 522	-12.53	 -0.1139	1	130	393	522
BnaA08LNG0001800	 581	BnaA08g06060D	 447	-11.12	 -0.1039	1	113	335	447
BnaA08LNG0001900	 445	BnaA08g06700D	 186	-11.12	 -0.1612	1	119	68	186
BnaA08LNG0002100	 638	BnaA08g07070D	 123	-10.02	 -0.1518	551	638	1	88
BnaA08LNG0002200	 434	BnaA08g07550D	 69	-6.84	 -0.4275	50	118	1	69
BnaA08LNG0002700	 590	BnaA08g09670D	 42	-6.05	 -0.6050	352	393	1	42
BnaA08LNG0003100	 258	BnaA08g12800D	 1008	-9.79	 -0.1064	1	115	894	1008
BnaA08LNG0003100	 258	BnaA08g12820D	 108	-9.16	 -0.1388	29	136	1	108
BnaA08LNG0003300	 449	BnaA08g14570D	 171	-5.51	 -0.1124	1	52	120	171
BnaA08LNG0003300	 449	BnaA08g14630D	 1221	-7.70	 -0.2200	1	68	1154	1221
BnaA08LNG0003300	 449	BnaA08g14640D	 888	-8.18	 -0.2406	397	449	1	53
BnaA08LNG0003300	 449	BnaA08g14670D	 1206	-6.78	 -0.3767	1	20	1187	1206
BnaA08LNG0003500	 397	BnaA08g15150D	 54	-3.70	 -0.1194	209	262	1	54
BnaA08LNG0003500	 397	BnaA08g15170D	 438	-3.24	 -0.1800	366	397	1	32
BnaA08LNG0003600	 411	BnaA08g15150D	 54	-5.75	 -0.1150	297	350	1	54
BnaA08LNG0003700	 429	BnaA08g15600D	 297	-7.62	 -0.1104	1	93	205	297
BnaA08LNG0003900	 293	BnaA08g15770D	 264	-6.20	 -0.1069	200	293	1	94
BnaA08LNG0004000	 1370	BnaA08g16190D	 225	-11.35	 -0.1032	1	185	41	225
BnaA08LNG0004100	 340	BnaA08g17440D	 1434	-10.04	 -0.2642	281	340	1	60
BnaA08LNG0004400	 485	BnaA08g22470D	 75	-5.21	 -0.6512	233	307	1	75
BnaA08LNG0004400	 485	BnaA08g22490D	 2226	-16.73	 -0.1014	235	485	1	251
BnaA08LNG0004700	 2866	BnaA08g28890D	 219	-15.27	 -0.1068	151	369	1	219
BnaA08LNG0004700	 2866	BnaA08g28970D	 33	-9.49	 -0.9490	838	870	1	33
BnaA08LNG0005300	 595	BnaA08g30010D	 345	-29.61	 -0.1025	192	536	1	345
BnaA09LNG0000100	 2467	BnaA09g00460D	 75	-9.93	 -0.1712	308	382	1	75
BnaA09LNG0000200	 520	BnaA09g02920D	 159	-6.11	 -0.1198	437	520	1	84
BnaA09LNG0000400	 2432	BnaA09g03990D	 96	-11.37	 -0.1197	1134	1229	1	96
BnaA09LNG0000500	 5300	BnaA09g06430D	 108	-11.27	 -0.1409	4628	4735	1	108
BnaA09LNG0000800	 454	BnaA09g07140D	 438	-15.84	 -0.1173	1	145	294	438
BnaA09LNG0001200	 611	BnaA09g08430D	 129	-10.10	 -0.1554	511	611	1	101
BnaA09LNG0001300	 601	BnaA09g08590D	 333	-3.09	 -0.4414	1	17	317	333
BnaA09LNG0001300	 601	BnaA09g08640D	 240	-2.05	 -1.0250	596	601	1	6
BnaA09LNG0001500	 1240	BnaA09g09220D	 210	-23.97	 -0.1211	754	963	1	210
BnaA09LNG0001700	 569	BnaA09g12330D	 231	-8.98	 -0.1095	454	569	1	116
BnaA09LNG0002000	 291	BnaA09g12860D	 147	-7.69	 -0.1083	205	291	1	87
BnaA09LNG0002400	 1728	BnaA09g13500D	 90	-8.97	 -0.1574	1208	1297	1	90
BnaA09LNG0002400	 1728	BnaA09g13510D	 201	-13.89	 -0.1014	355	555	1	201
BnaA09LNG0002600	 713	BnaA09g15600D	 2541	-18.19	 -0.1378	541	713	1	173
BnaA09LNG0002800	 1962	BnaA09g15840D	 72	-11.17	 -0.1573	661	732	1	72
BnaA09LNG0002900	 604	BnaA09g16020D	 57	-8.25	 -0.1500	292	348	1	57
BnaA09LNG0003100	 427	BnaA09g16560D	 741	-8.89	 -0.1084	1	115	627	741
BnaA09LNG0003200	 426	BnaA09g17350D	 219	-12.24	 -0.1064	308	426	1	119
BnaA09LNG0003200	 426	BnaA09g17400D	 246	-9.94	 -0.1841	322	426	1	105
BnaA09LNG0003700	 221	BnaA09g18590D	 420	-9.94	 -0.1462	133	221	1	89
BnaA09LNG0003700	 221	BnaA09g18610D	 255	-4.23	 -0.1322	177	221	1	45
BnaA09LNG0003900	 349	BnaA09g19010D	 210	-7.95	 -0.1988	1	58	153	210
BnaA09LNG0003900	 349	BnaA09g19030D	 33	-3.46	 -0.2035	46	78	1	33
BnaA09LNG0004200	 1441	BnaA09g20580D	 156	-12.12	 -0.1200	876	1031	1	156
BnaA09LNG0004200	 1441	BnaA09g20590D	 75	-7.77	 -0.1619	996	1070	1	75
BnaA09LNG0004200	 1441	BnaA09g20720D	 1188	-6.92	 -0.1153	1342	1441	1	100
BnaA09LNG0004500	 323	BnaA09g21210D	 315	-6.78	 -0.1169	209	323	1	115
BnaA09LNG0004900	 1352	BnaA09g21940D	 186	-19.07	 -0.1362	91	276	1	186
BnaA09LNG0005600	 533	BnaA09g23950D	 105	-9.89	 -0.1063	308	412	1	105
BnaA09LNG0005700	 759	BnaA09g24040D	 117	-8.07	 -0.1048	594	710	1	117
BnaA09LNG0005800	 1322	BnaA09g23990D	 234	-14.39	 -0.1320	126	359	1	234
BnaA09LNG0005800	 1322	BnaA09g24090D	 105	-9.47	 -0.1076	2	106	1	105
BnaA09LNG0005900	 645	BnaA09g24240D	 402	-16.74	 -0.2325	499	645	1	147
BnaA09LNG0005900	 645	BnaA09g24250D	 540	-17.61	 -0.2668	560	645	1	86
BnaA09LNG0005900	 645	BnaA09g24270D	 2064	-19.88	 -0.2093	527	645	1	119
BnaA09LNG0006000	 726	BnaA09g25440D	 132	-11.17	 -0.1128	370	501	1	132
BnaA09LNG0006400	 772	BnaA09g26280D	 81	-7.62	 -0.1137	44	124	1	81
BnaA09LNG0007000	 497	BnaA09g28650D	 297	-6.45	 -0.1152	1	79	219	297
BnaA09LNG0007000	 497	BnaA09g28680D	 507	-7.84	 -0.3267	1	116	392	507
BnaA09LNG0007000	 497	BnaA09g28690D	 51	-4.96	 -0.2918	102	152	1	51
BnaA09LNG0007100	 2490	BnaA09g28920D	 105	-10.26	 -0.1251	1523	1627	1	105
BnaA09LNG0007200	 985	BnaA09g28920D	 105	-7.91	 -0.1055	268	372	1	105
BnaA09LNG0007400	 10961	BnaA09g30690D	 114	-15.64	 -0.1664	2555	2668	1	114
BnaA09LNG0007400	 10961	BnaA09g30770D	 150	-14.17	 -0.1201	490	639	1	150
BnaA09LNG0007500	 499	BnaA09g30690D	 114	-8.65	 -0.1573	426	499	1	74
BnaA09LNG0007700	 322	BnaA09g31030D	 1473	-8.57	 -0.1128	1	85	1389	1473
BnaA09LNG0007900	 2510	BnaA09g31320D	 54	-5.78	 -0.1376	81	134	1	54
BnaA09LNG0008200	 632	BnaA09g33120D	 831	-12.91	 -0.1017	503	632	1	130
BnaA09LNG0008200	 632	BnaA09g33150D	 417	-9.59	 -0.1078	526	632	1	107
BnaA09LNG0008300	 1142	BnaA09g33220D	 216	-17.69	 -0.1092	572	787	1	216
BnaA09LNG0008400	 595	BnaA09g33700D	 117	-12.81	 -0.2785	457	573	1	117
BnaA09LNG0008900	 848	BnaA09g37320D	 678	-15.59	 -0.1772	1	140	539	678
BnaA09LNG0009000	 208	BnaA09g38310D	 267	-6.20	 -0.1879	144	208	1	65
BnaA09LNG0009000	 208	BnaA09g38390D	 2886	-18.03	 -0.1163	1	208	1418	1625
BnaA09LNG0009000	 208	BnaA09g38510D	 819	-9.23	 -0.1678	114	208	1	95
BnaA09LNG0009100	 1546	BnaA09g39850D	 195	-18.30	 -0.1040	1070	1264	1	195
BnaA09LNG0009100	 1546	BnaA09g39890D	 234	-19.70	 -0.1031	543	776	1	234
BnaA09LNG0009500	 2385	BnaA09g43250D	 276	-30.34	 -0.1111	329	604	1	276
BnaA09LNG0009500	 2385	BnaA09g43310D	 36	-5.91	 -0.1738	1989	2024	1	36
BnaA09LNG0009600	 1009	BnaA09g43730D	 189	-9.82	 -0.1227	915	1009	1	95
BnaA09LNG0010000	 1221	BnaA09g44910D	 492	-14.88	 -0.1078	1075	1221	1	147
BnaA09LNG0010000	 1221	BnaA09g44960D	 297	-11.83	 -0.1207	1086	1221	1	136
BnaA09LNG0010200	 3423	BnaA09g47160D	 111	-11.59	 -0.1093	1040	1150	1	111
BnaA09LNG0010300	 2283	BnaA09g47710D	 96	-9.91	 -0.1194	320	415	1	96
BnaA09LNG0010300	 2283	BnaA09g47790D	 159	-11.59	 -0.1104	1047	1205	1	159
BnaA09LNG0010600	 1413	BnaA09g49850D	 63	-8.02	 -0.2228	973	1035	1	63
BnaA09LNG0010700	 735	BnaA09g50830D	 360	-12.95	 -0.7618	1	27	334	360
BnaA09LNG0011000	 333	BnaA09g52900D	 573	-8.66	 -0.1397	1	64	510	573
BnaA09LNG0011200	 542	BnaA09g53840D	 96	-8.77	 -0.1044	89	184	1	96
BnaA09LNG0011200	 542	BnaA09g53850D	 84	-7.42	 -0.1016	151	234	1	84
BnaA10LNG0000200	 1195	BnaA10g01080D	 84	-7.92	 -0.2329	724	807	1	84
BnaA10LNG0000300	 294	BnaA10g03090D	 1623	-7.90	 -0.2079	208	294	1	87
BnaA10LNG0000400	 1983	BnaA10g04500D	 87	-8.34	 -0.1345	1538	1624	1	87
BnaA10LNG0000500	 600	BnaA10g05690D	 57	-5.64	 -0.4029	469	525	1	57
BnaA10LNG0001100	 819	BnaA10g07230D	 1464	-22.56	 -0.1059	1	223	1242	1464
BnaA10LNG0001200	 715	BnaA10g07260D	 393	-17.79	 -0.1046	1	239	155	393
BnaA10LNG0002000	 628	BnaA10g08090D	 2331	-15.53	 -0.1252	485	628	1	144
BnaA10LNG0002000	 628	BnaA10g08100D	 420	-12.36	 -0.1030	485	628	1	144
BnaA10LNG0002100	 862	BnaA10g08310D	 384	-11.95	 -0.1811	748	862	1	115
BnaA10LNG0002100	 862	BnaA10g08430D	 195	-19.14	 -0.1113	277	471	1	195
BnaA10LNG0002500	 761	BnaA10g09070D	 348	-186.38	 -0.6609	1	305	44	348
BnaA10LNG0002600	 365	BnaA10g09150D	 216	-8.04	 -0.3092	1	56	161	216
BnaA10LNG0002900	 234	BnaA10g12960D	 933	-2.96	 -0.1644	200	234	1	35
BnaA10LNG0002900	 234	BnaA10g13010D	 1248	-3.82	 -0.2122	1	81	1168	1248
BnaA10LNG0002900	 234	BnaA10g13020D	 168	-5.86	 -0.1085	1	72	97	168
BnaA10LNG0003300	 1713	BnaA10g19950D	 411	-204.09	 -2.2184	1408	1713	1	306
BnaA10LNG0003400	 1500	BnaA10g20510D	 102	-11.11	 -0.1134	152	253	1	102
BnaA10LNG0004000	 654	BnaA10g27300D	 105	-4.27	 -0.2033	131	235	1	105
BnaA10LNG0004000	 654	BnaA10g27420D	 519	-7.62	 -0.1621	590	654	1	65
BnaAnnLNG0000200	 228	BnaAnng01480D	 576	-6.42	 -0.1529	1	93	484	576
BnaAnnLNG0000200	 228	BnaAnng01490D	 927	-7.31	 -0.1108	1	73	855	927
BnaAnnLNG0000200	 228	BnaAnng01540D	 402	-9.56	 -0.1427	1	96	307	402
BnaAnnLNG0000200	 228	BnaAnng01610D	 831	-10.02	 -0.1253	1	91	741	831
BnaAnnLNG0000200	 228	BnaAnng01640D	 441	-7.60	 -0.1086	1	96	346	441
BnaAnnLNG0000200	 228	BnaAnng01680D	 852	-9.20	 -0.1278	1	88	765	852
BnaAnnLNG0000200	 228	BnaAnng01710D	 594	-6.57	 -0.1077	1	95	500	594
BnaAnnLNG0000200	 228	BnaAnng01720D	 759	-6.82	 -0.1003	1	119	641	759
BnaAnnLNG0000300	 739	BnaAnng04250D	 168	-13.90	 -0.1103	254	421	1	168
BnaAnnLNG0001000	 413	BnaAnng09750D	 1317	-11.04	 -0.1555	1	117	1201	1317
BnaAnnLNG0001300	 6912	BnaAnng12410D	 99	-11.16	 -0.1958	5837	5935	1	99
BnaAnnLNG0001400	 772	BnaAnng12410D	 99	-9.37	 -0.1129	25	123	1	99
BnaAnnLNG0001500	 1323	BnaAnng12760D	 75	-6.18	 -0.1236	648	722	1	75
BnaAnnLNG0001500	 1323	BnaAnng12850D	 90	-10.42	 -0.1708	856	945	1	90
BnaAnnLNG0001600	 1103	BnaAnng14320D	 366	-343.07	 -0.9451	164	529	1	366
BnaAnnLNG0001600	 1103	BnaAnng14380D	 75	-8.72	 -0.1282	31	105	1	75
BnaAnnLNG0001700	 983	BnaAnng14380D	 75	-9.95	 -0.1716	223	297	1	75
BnaAnnLNG0002200	 8709	BnaAnng18950D	 141	-21.59	 -0.1700	7619	7759	1	141
BnaAnnLNG0002500	 297	BnaAnng25250D	 1710	-6.43	 -0.1286	179	297	1	119
BnaAnnLNG0002500	 297	BnaAnng25270D	 66	-5.87	 -0.2024	4	69	1	66
BnaAnnLNG0003200	 2289	BnaAnng30350D	 75	-11.55	 -0.1805	1936	2010	1	75
BnaAnnLNG0003700	 3389	BnaAnng33360D	 78	-9.09	 -0.1280	1247	1324	1	78
BnaAnnLNG0003900	 1517	BnaAnng34310D	 207	-14.72	 -0.1159	545	751	1	207
BnaAnnLNG0004000	 235	BnaAnng34910D	 600	-5.45	 -1.8167	1	13	588	600
BnaAnnLNG0004400	 2588	BnaAnng36520D	 144	-13.86	 -0.1074	196	339	1	144
BnaAnnLNG0004500	 910	BnaAnng36520D	 144	-12.96	 -0.1271	633	776	1	144
BnaAnnLNG0005100	 285	BnaAnng38320D	 777	-8.22	 -0.1348	215	285	1	71
BnaAnnLNG0005200	 310	BnaAnng38650D	 201	-11.05	 -0.1727	212	310	1	99
BnaAnnLNG0005400	 565	BnaAnng39430D	 90	-6.02	 -0.1038	135	224	1	90
BnaAnnLNG0005500	 516	BnaAnng40290D	 489	-21.35	 -0.1022	1	221	269	489
BnaAnnLNG0005800	 573	BnaAnng41410D	 636	-15.60	 -0.1076	1	172	465	636
BnaC01LNG0000200	 549	BnaC01g01260D	 414	-12.75	 -0.1062	399	549	1	151
BnaC01LNG0000300	 2342	BnaC01g02030D	 84	-9.02	 -0.1388	945	1028	1	84
BnaC01LNG0000600	 918	BnaC01g06160D	 753	-554.03	 -2.5889	1	728	26	753
BnaC01LNG0000600	 918	BnaC01g06330D	 129	-11.66	 -0.1060	605	733	1	129
BnaC01LNG0000700	 376	BnaC01g06590D	 45	-4.37	 -0.2428	246	290	1	45
BnaC01LNG0000700	 376	BnaC01g06670D	 273	-13.75	 -0.1100	240	376	1	137
BnaC01LNG0000700	 376	BnaC01g06680D	 57	-4.33	 -0.1353	1	51	7	57
BnaC01LNG0000700	 376	BnaC01g06710D	 927	-13.47	 -0.3133	301	376	1	76
BnaC01LNG0000700	 376	BnaC01g06730D	 501	-13.25	 -0.1035	205	376	1	172
BnaC01LNG0000900	 1181	BnaC01g08560D	 204	-25.72	 -0.1738	480	683	1	204
BnaC01LNG0000900	 1181	BnaC01g08680D	 249	-24.42	 -0.1018	563	811	1	249
BnaC01LNG0000900	 1181	BnaC01g08690D	 129	-13.49	 -0.1143	580	708	1	129
BnaC01LNG0001500	 881	BnaC01g12680D	 210	-12.45	 -0.1448	1	119	92	210
BnaC01LNG0001600	 1620	BnaC01g14140D	 81	-6.65	 -0.1511	273	353	1	81
BnaC01LNG0001700	 5668	BnaC01g14550D	 132	-12.06	 -0.1138	266	397	1	132
BnaC01LNG0001700	 5668	BnaC01g14560D	 123	-11.76	 -0.1400	3736	3858	1	123
BnaC01LNG0001900	 1164	BnaC01g15140D	 291	-24.62	 -0.1039	743	1033	1	291
BnaC01LNG0002000	 213	BnaC01g15170D	 579	-14.47	 -0.1929	1	93	487	579
BnaC01LNG0002000	 213	BnaC01g15200D	 564	-11.95	 -0.1328	77	213	1	137
BnaC01LNG0002100	 691	BnaC01g15400D	 177	-17.44	 -0.1211	78	254	1	177
BnaC01LNG0002200	 726	BnaC01g15400D	 177	-18.21	 -0.1153	4	180	1	177
BnaC01LNG0002300	 2663	BnaC01g15580D	 87	-9.42	 -0.1449	2469	2555	1	87
BnaC01LNG0002300	 2663	BnaC01g15600D	 165	-14.96	 -0.1032	1165	1329	1	165
BnaC01LNG0002400	 1863	BnaC01g15620D	 354	-23.59	 -0.1456	1677	1863	1	187
BnaC01LNG0002600	 2727	BnaC01g16130D	 57	-9.36	 -0.2283	2590	2646	1	57
BnaC01LNG0003000	 1351	BnaC01g18160D	 150	-15.85	 -0.1219	731	880	1	150
BnaC01LNG0003100	 643	BnaC01g19820D	 63	-8.57	 -0.1948	183	245	1	63
BnaC01LNG0003200	 411	BnaC01g19870D	 402	-17.79	 -0.1186	1	225	178	402
BnaC01LNG0003200	 411	BnaC01g19890D	 162	-9.08	 -0.1056	1	114	49	162
BnaC01LNG0003300	 1569	BnaC01g21320D	 153	-16.90	 -0.1216	1380	1532	1	153
BnaC01LNG0003400	 1018	BnaC01g22070D	 69	-12.37	 -0.2170	323	391	1	69
BnaC01LNG0003400	 1018	BnaC01g22140D	 267	-18.19	 -0.1011	778	1018	1	241
BnaC01LNG0004000	 389	BnaC01g24760D	 93	-12.25	 -0.1633	4	96	1	93
BnaC01LNG0004000	 389	BnaC01g24780D	 246	-16.08	 -0.1675	1	117	130	246
BnaC01LNG0004200	 202	BnaC01g25360D	 318	-20.64	 -0.1243	1	202	76	277
BnaC01LNG0004200	 202	BnaC01g25370D	 429	-19.52	 -0.1044	1	202	131	332
BnaC01LNG0004200	 202	BnaC01g25380D	 1713	-24.78	 -0.1511	1	202	1426	1627
BnaC01LNG0004200	 202	BnaC01g25390D	 321	-16.75	 -0.1081	1	202	86	287
BnaC01LNG0004700	 273	BnaC01g25560D	 228	-6.32	 -0.1071	1	86	143	228
BnaC01LNG0005100	 2320	BnaC01g26210D	 273	-21.06	 -0.1064	2082	2320	1	239
BnaC01LNG0005600	 3704	BnaC01g27590D	 216	-18.96	 -0.1014	1870	2085	1	216
BnaC01LNG0005600	 3704	BnaC01g27650D	 63	-11.44	 -0.1939	2936	2998	1	63
BnaC01LNG0005900	 320	BnaC01g28700D	 1851	-7.70	 -0.1925	279	320	1	42
BnaC01LNG0005900	 320	BnaC01g28730D	 369	-7.54	 -0.1142	225	320	1	96
BnaC01LNG0006000	 315	BnaC01g28800D	 336	-6.15	 -0.1430	1	46	291	336
BnaC01LNG0006200	 1248	BnaC01g29420D	 807	-20.46	 -0.1421	1098	1248	1	151
BnaC01LNG0006400	 413	BnaC01g31530D	 90	-5.15	 -0.1471	1	55	36	90
BnaC01LNG0006400	 413	BnaC01g31560D	 183	-8.07	 -0.1467	1	93	91	183
BnaC01LNG0006600	 1644	BnaC01g31900D	 90	-11.55	 -0.2179	527	616	1	90
BnaC01LNG0007300	 708	BnaC01g36850D	 156	-12.51	 -0.1472	353	508	1	156
BnaC01LNG0007500	 391	BnaC01g41450D	 411	-23.54	 -0.1338	1	198	214	411
BnaC01LNG0007600	 1171	BnaC01g42680D	 42	-4.62	 -2.3100	54	95	1	42
BnaC01LNG0007800	 2135	BnaC01g42940D	 51	-9.83	 -0.2657	1871	1921	1	51
BnaC01LNG0008000	 393	BnaC01g43080D	 75	-7.39	 -0.1120	5	79	1	75
BnaC01LNG0008100	 368	BnaC01g43080D	 75	-9.36	 -0.1560	130	204	1	75
BnaC01LNG0008900	 1883	BnaC01g44690D	 87	-10.26	 -0.1466	37	123	1	87
BnaC01LNG0009000	 1480	BnaC01g44690D	 87	-8.35	 -0.1031	806	892	1	87
BnaC02LNG0000100	 868	BnaC02g00630D	 63	-6.51	 -0.1415	517	579	1	63
BnaC02LNG0000100	 868	BnaC02g00790D	 213	-9.13	 -0.1323	1	114	100	213
BnaC02LNG0000200	 510	BnaC02g01290D	 408	-7.66	 -0.1824	461	510	1	50
BnaC02LNG0000200	 510	BnaC02g01330D	 165	-11.55	 -0.1031	377	510	1	134
BnaC02LNG0000200	 510	BnaC02g01340D	 327	-11.26	 -0.3753	1	58	270	327
BnaC02LNG0000200	 510	BnaC02g01490D	 2787	-11.49	 -0.1401	421	510	1	90
BnaC02LNG0000300	 710	BnaC02g02380D	 117	-12.70	 -0.1245	149	265	1	117
BnaC02LNG0000600	 4328	BnaC02g08870D	 1905	-5.44	 -0.1648	4219	4328	1	110
BnaC02LNG0000700	 442	BnaC02g09560D	 150	-10.84	 -0.1218	138	287	1	150
BnaC02LNG0000800	 1466	BnaC02g09950D	 111	-10.59	 -0.1038	412	522	1	111
BnaC02LNG0001100	 750	BnaC02g10580D	 102	-9.65	 -0.1440	149	250	1	102
BnaC02LNG0001200	 354	BnaC02g11370D	 816	-7.67	 -0.2018	1	55	762	816
BnaC02LNG0001400	 633	BnaC02g12470D	 294	-7.90	 -0.1927	1	84	211	294
BnaC02LNG0002000	 3681	BnaC02g14450D	 192	-17.82	 -0.1024	1936	2127	1	192
BnaC02LNG0002000	 3681	BnaC02g14470D	 57	-11.02	 -0.3149	2296	2352	1	57
BnaC02LNG0002300	 431	BnaC02g16360D	 1620	-13.77	 -0.1434	1	137	1484	1620
BnaC02LNG0002300	 431	BnaC02g16380D	 1110	-12.96	 -0.1641	1	108	1003	1110
BnaC02LNG0002300	 431	BnaC02g16410D	 774	-16.14	 -0.1481	1	166	609	774
BnaC02LNG0002300	 431	BnaC02g16440D	 63	-7.41	 -0.2850	15	77	1	63
BnaC02LNG0002400	 1506	BnaC02g16990D	 126	-11.85	 -0.1097	1092	1217	1	126
BnaC02LNG0002600	 664	BnaC02g17600D	 171	-11.92	 -0.1135	64	234	1	171
BnaC02LNG0002600	 664	BnaC02g17630D	 75	-8.03	 -0.1784	532	606	1	75
BnaC02LNG0002700	 579	BnaC02g17630D	 75	-6.47	 -0.1244	115	189	1	75
BnaC02LNG0003600	 521	BnaC02g19630D	 105	-10.20	 -0.1172	165	269	1	105
BnaC02LNG0003700	 453	BnaC02g19730D	 63	-6.28	 -0.1460	282	344	1	63
BnaC02LNG0003800	 832	BnaC02g19840D	 84	-8.91	 -0.1310	664	747	1	84
BnaC02LNG0004100	 444	BnaC02g21460D	 462	-7.38	 -0.1101	1	110	353	462
BnaC02LNG0004300	 2979	BnaC02g21960D	 168	-16.61	 -0.1086	1020	1187	1	168
BnaC02LNG0004400	 3456	BnaC02g21960D	 168	-16.61	 -0.1086	985	1152	1	168
BnaC02LNG0004500	 5043	BnaC02g21960D	 168	-16.61	 -0.1086	881	1048	1	168
BnaC02LNG0004600	 550	BnaC02g23460D	 453	-7.87	 -0.1009	472	550	1	79
BnaC02LNG0005100	 1154	BnaC02g24430D	 189	-12.68	 -0.1048	365	553	1	189
BnaC02LNG0005100	 1154	BnaC02g24470D	 57	-8.54	 -0.2083	564	620	1	57
BnaC02LNG0005200	 365	BnaC02g24380D	 1161	-5.88	 -0.2100	1	54	1108	1161
BnaC02LNG0005200	 365	BnaC02g24390D	 597	-7.46	 -0.2487	1	50	548	597
BnaC02LNG0005200	 365	BnaC02g24420D	 978	-12.43	 -0.1243	1	115	864	978
BnaC02LNG0005200	 365	BnaC02g24450D	 1323	-6.05	 -0.5500	1	23	1301	1323
BnaC02LNG0005200	 365	BnaC02g24460D	 810	-5.59	 -0.1270	1	89	722	810
BnaC02LNG0005200	 365	BnaC02g24470D	 57	-6.11	 -0.4700	2	58	1	57
BnaC02LNG0005200	 365	BnaC02g24490D	 357	-10.89	 -0.1534	1	92	266	357
BnaC02LNG0005200	 365	BnaC02g24510D	 1068	-5.96	 -0.2483	317	365	1	49
BnaC02LNG0005200	 365	BnaC02g24520D	 186	-6.03	 -0.1256	1	62	125	186
BnaC02LNG0005400	 1262	BnaC02g25760D	 261	-12.55	 -0.1630	1111	1262	1	152
BnaC02LNG0005900	 325	BnaC02g26450D	 480	-5.19	 -0.1298	253	325	1	73
BnaC02LNG0005900	 325	BnaC02g26530D	 60	-3.66	 -0.1743	209	268	1	60
BnaC02LNG0005900	 325	BnaC02g26540D	 231	-5.85	 -0.1045	243	325	1	83
BnaC02LNG0005900	 325	BnaC02g26550D	 231	-5.85	 -0.1045	243	325	1	83
BnaC02LNG0005900	 325	BnaC02g26560D	 231	-5.85	 -0.1045	243	325	1	83
BnaC02LNG0005900	 325	BnaC02g26570D	 231	-5.85	 -0.1045	243	325	1	83
BnaC02LNG0005900	 325	BnaC02g26580D	 231	-5.85	 -0.1045	243	325	1	83
BnaC02LNG0005900	 325	BnaC02g26590D	 231	-5.85	 -0.1045	243	325	1	83
BnaC02LNG0005900	 325	BnaC02g26600D	 231	-5.85	 -0.1045	243	325	1	83
BnaC02LNG0005900	 325	BnaC02g26610D	 231	-5.85	 -0.1045	243	325	1	83
BnaC02LNG0005900	 325	BnaC02g26620D	 231	-5.85	 -0.1045	243	325	1	83
BnaC02LNG0005900	 325	BnaC02g26630D	 231	-5.85	 -0.1045	243	325	1	83
BnaC02LNG0005900	 325	BnaC02g26640D	 231	-5.85	 -0.1045	243	325	1	83
BnaC02LNG0005900	 325	BnaC02g26650D	 231	-5.85	 -0.1045	243	325	1	83
BnaC02LNG0005900	 325	BnaC02g26660D	 231	-5.85	 -0.1045	243	325	1	83
BnaC02LNG0005900	 325	BnaC02g26670D	 231	-5.85	 -0.1045	243	325	1	83
BnaC02LNG0005900	 325	BnaC02g26680D	 231	-5.85	 -0.1045	243	325	1	83
BnaC02LNG0005900	 325	BnaC02g26690D	 231	-5.85	 -0.1045	243	325	1	83
BnaC02LNG0006900	 843	BnaC02g30420D	 96	-10.07	 -0.1157	70	165	1	96
BnaC02LNG0007000	 1402	BnaC02g31240D	 54	-10.50	 -0.6176	552	605	1	54
BnaC02LNG0007100	 551	BnaC02g31240D	 54	-7.00	 -0.8750	361	414	1	54
BnaC02LNG0007200	 787	BnaC02g31980D	 162	-14.84	 -0.1169	510	671	1	162
BnaC02LNG0007300	 1390	BnaC02g37130D	 147	-14.69	 -0.1088	866	1012	1	147
BnaC02LNG0008200	 3845	BnaC02g46510D	 177	-13.12	 -0.1017	3198	3374	1	177
BnaC02LNG0008900	 545	BnaC02g48320D	 96	-12.74	 -0.1655	260	355	1	96
BnaC02LNG0009100	 608	BnaC02g48680D	 57	-6.35	 -0.2352	180	236	1	57
BnaC03LNG0000200	 518	BnaC03g03310D	 345	-5.89	 -0.1033	1	77	269	345
BnaC03LNG0000600	 1326	BnaC03g12180D	 117	-13.45	 -0.1401	930	1046	1	117
BnaC03LNG0001000	 595	BnaC03g14550D	 150	-10.50	 -0.1235	402	551	1	150
BnaC03LNG0001100	 602	BnaC03g15110D	 246	-13.37	 -0.1013	462	602	1	141
BnaC03LNG0001500	 599	BnaC03g15420D	 156	-13.60	 -0.1193	482	599	1	118
BnaC03LNG0001500	 599	BnaC03g15490D	 165	-14.43	 -0.1077	418	582	1	165
BnaC03LNG0001600	 849	BnaC03g15890D	 618	-11.19	 -0.1865	1	105	514	618
BnaC03LNG0001900	 1642	BnaC03g18180D	 42	-5.37	 -0.1627	1120	1161	1	42
BnaC03LNG0001900	 1642	BnaC03g18210D	 222	-22.45	 -0.1182	881	1102	1	222
BnaC03LNG0002000	 1516	BnaC03g18370D	 93	-10.06	 -0.1829	1071	1163	1	93
BnaC03LNG0002100	 862	BnaC03g18500D	 129	-12.36	 -0.1005	436	564	1	129
BnaC03LNG0002400	 700	BnaC03g20370D	 105	-8.53	 -0.1040	243	347	1	105
BnaC03LNG0002400	 700	BnaC03g20380D	 84	-8.37	 -0.1249	377	460	1	84
BnaC03LNG0002500	 9252	BnaC03g20370D	 105	-11.39	 -0.1252	885	989	1	105
BnaC03LNG0002500	 9252	BnaC03g20380D	 84	-10.46	 -0.1609	8993	9076	1	84
BnaC03LNG0002500	 9252	BnaC03g20390D	 183	-15.47	 -0.1045	505	687	1	183
BnaC03LNG0002500	 9252	BnaC03g20430D	 162	-16.92	 -0.1058	5919	6080	1	162
BnaC03LNG0002800	 2329	BnaC03g20840D	 174	-17.52	 -0.1160	245	418	1	174
BnaC03LNG0002800	 2329	BnaC03g20850D	 264	-25.39	 -0.1144	234	497	1	264
BnaC03LNG0003000	 1361	BnaC03g21000D	 684	-171.77	 -0.2607	226	909	1	684
BnaC03LNG0003000	 1361	BnaC03g21040D	 78	-9.94	 -0.1685	41	118	1	78
BnaC03LNG0003100	 781	BnaC03g21260D	 1080	-524.93	 -262.4650	298	781	1	484
BnaC03LNG0003100	 781	BnaC03g21280D	 186	-16.47	 -0.1211	328	513	1	186
BnaC03LNG0003100	 781	BnaC03g21450D	 153	-11.77	 -0.1032	109	261	1	153
BnaC03LNG0003100	 781	BnaC03g21470D	 219	-16.37	 -0.1099	334	552	1	219
BnaC03LNG0003200	 406	BnaC03g21630D	 1344	-8.10	 -0.4765	1	59	1286	1344
BnaC03LNG0003200	 406	BnaC03g21640D	 324	-6.26	 -0.1138	328	406	1	79
BnaC03LNG0003200	 406	BnaC03g21680D	 159	-6.23	 -0.1888	365	406	1	42
BnaC03LNG0003700	 1116	BnaC03g22730D	 189	-11.79	 -0.1072	1	117	73	189
BnaC03LNG0004000	 536	BnaC03g22890D	 210	-9.94	 -0.1117	1	109	102	210
BnaC03LNG0004100	 648	BnaC03g23000D	 189	-12.51	 -0.1303	228	416	1	189
BnaC03LNG0004500	 620	BnaC03g23380D	 1599	-8.49	 -0.1230	476	620	1	145
BnaC03LNG0004500	 620	BnaC03g23490D	 693	-10.45	 -0.1112	508	620	1	113
BnaC03LNG0004900	 2502	BnaC03g24030D	 153	-15.15	 -0.1156	587	739	1	153
BnaC03LNG0005000	 1211	BnaC03g24110D	 117	-11.23	 -0.1059	869	985	1	117
BnaC03LNG0005100	 510	BnaC03g24080D	 177	-8.85	 -0.1212	411	510	1	100
BnaC03LNG0005100	 510	BnaC03g24110D	 117	-9.07	 -0.1019	280	396	1	117
BnaC03LNG0005300	 885	BnaC03g26420D	 339	-26.17	 -0.1007	616	885	1	270
BnaC03LNG0005300	 885	BnaC03g26440D	 177	-13.17	 -0.1197	648	824	1	177
BnaC03LNG0005500	 502	BnaC03g27310D	 129	-9.60	 -0.1091	1	116	14	129
BnaC03LNG0005500	 502	BnaC03g27320D	 99	-8.53	 -0.1273	71	169	1	99
BnaC03LNG0006000	 3887	BnaC03g29040D	 243	-277.32	 -138.6600	3573	3815	1	243
BnaC03LNG0006400	 2090	BnaC03g30040D	 2145	-98.84	 -0.1167	1	862	1284	2145
BnaC03LNG0006500	 692	BnaC03g30310D	 573	-19.04	 -0.1261	1	159	415	573
BnaC03LNG0006800	 434	BnaC03g32250D	 426	-11.29	 -0.1486	350	434	1	85
BnaC03LNG0006800	 434	BnaC03g32300D	 144	-8.91	 -0.5241	353	434	1	82
BnaC03LNG0006800	 434	BnaC03g32320D	 378	-12.63	 -0.1044	1	160	219	378
BnaC03LNG0006900	 748	BnaC03g36900D	 186	-16.85	 -0.1015	427	612	1	186
BnaC03LNG0006900	 748	BnaC03g36930D	 192	-126.79	 -0.6928	443	634	1	192
BnaC03LNG0006900	 748	BnaC03g37020D	 69	-9.16	 -0.3664	463	531	1	69
BnaC03LNG0007000	 1198	BnaC03g37940D	 39	-7.98	 -0.2157	426	464	1	39
BnaC03LNG0007100	 1358	BnaC03g37940D	 39	-8.15	 -0.3260	975	1013	1	39
BnaC03LNG0007100	 1358	BnaC03g37990D	 132	-10.78	 -0.1159	1	125	8	132
BnaC03LNG0007200	 271	BnaC03g39270D	 330	-15.37	 -0.1464	1	160	171	330
BnaC03LNG0007300	 271	BnaC03g39430D	 219	-10.15	 -0.1253	165	271	1	107
BnaC03LNG0007500	 365	BnaC03g40320D	 78	-8.56	 -0.1278	267	344	1	78
BnaC03LNG0008400	 2571	BnaC03g46200D	 213	-16.60	 -0.1071	1955	2167	1	213
BnaC03LNG0008500	 502	BnaC03g46630D	 252	-17.61	 -0.1182	341	502	1	162
BnaC03LNG0008600	 1663	BnaC03g46990D	 153	-20.86	 -0.1557	876	1028	1	153
BnaC03LNG0008700	 270	BnaC03g47160D	 300	-5.81	 -0.1383	201	270	1	70
BnaC03LNG0008700	 270	BnaC03g47240D	 90	-5.87	 -0.1726	196	270	1	75
BnaC03LNG0008800	 1091	BnaC03g47230D	 546	-17.46	 -0.1098	1	243	304	546
BnaC03LNG0008800	 1091	BnaC03g47240D	 90	-11.17	 -0.1619	772	861	1	90
BnaC03LNG0009000	 1127	BnaC03g47430D	 90	-8.10	 -0.1157	743	832	1	90
BnaC03LNG0009100	 1092	BnaC03g48200D	 51	-8.00	 -0.3333	895	945	1	51
BnaC03LNG0009200	 1986	BnaC03g48200D	 51	-4.48	 -0.2133	46	96	1	51
BnaC03LNG0009400	 364	BnaC03g48760D	 135	-9.85	 -0.1145	269	364	1	96
BnaC03LNG0009500	 388	BnaC03g49090D	 333	-7.65	 -0.3060	351	388	1	38
BnaC03LNG0009500	 388	BnaC03g49100D	 219	-9.42	 -0.1058	233	388	1	156
BnaC03LNG0009900	 1625	BnaC03g50850D	 123	-12.02	 -0.2404	809	931	1	123
BnaC03LNG0010000	 1111	BnaC03g50850D	 123	-12.37	 -0.1422	544	666	1	123
BnaC03LNG0010000	 1111	BnaC03g50900D	 231	-10.11	 -0.1714	1	111	121	231
BnaC03LNG0010200	 652	BnaC03g52590D	 66	-8.16	 -0.2632	34	99	1	66
BnaC03LNG0010300	 594	BnaC03g52590D	 66	-11.21	 -0.3030	302	367	1	66
BnaC03LNG0010500	 586	BnaC03g53540D	 66	-7.07	 -0.1504	281	346	1	66
BnaC03LNG0010600	 387	BnaC03g53720D	 93	-9.05	 -0.1926	39	131	1	93
BnaC03LNG0010700	 429	BnaC03g53800D	 147	-5.10	 -0.1308	382	429	1	48
BnaC03LNG0011100	 2696	BnaC03g54640D	 180	-13.79	 -0.1037	2012	2191	1	180
BnaC03LNG0011100	 2696	BnaC03g54670D	 153	-14.27	 -0.1189	1504	1656	1	153
BnaC03LNG0011100	 2696	BnaC03g54680D	 276	-24.66	 -0.1002	265	540	1	276
BnaC03LNG0011100	 2696	BnaC03g54700D	 222	-16.19	 -0.1236	1452	1673	1	222
BnaC03LNG0011300	 1675	BnaC03g55070D	 75	-9.54	 -0.2327	736	810	1	75
BnaC03LNG0011500	 571	BnaC03g55770D	 60	-4.47	 -0.1208	259	318	1	60
BnaC03LNG0011700	 769	BnaC03g57340D	 336	-16.90	 -0.1158	1	186	151	336
BnaC03LNG0011700	 769	BnaC03g57390D	 351	-22.64	 -0.1641	1	156	196	351
BnaC03LNG0011700	 769	BnaC03g57400D	 222	-15.36	 -0.1200	1	144	79	222
BnaC03LNG0011700	 769	BnaC03g57440D	 231	-12.07	 -0.1172	659	769	1	111
BnaC03LNG0011800	 1214	BnaC03g58670D	 51	-7.44	 -0.2566	377	427	1	51
BnaC03LNG0012200	 758	BnaC03g60680D	 168	-15.96	 -0.1319	301	468	1	168
BnaC03LNG0012800	 309	BnaC03g63730D	 246	-18.69	 -0.1395	160	309	1	150
BnaC03LNG0013300	 4759	BnaC03g67180D	 66	-9.12	 -0.1940	853	918	1	66
BnaC03LNG0013400	 448	BnaC03g67760D	 561	-9.45	 -0.1050	1	92	470	561
BnaC03LNG0014000	 1379	BnaC03g68720D	 87	-12.05	 -0.1565	603	689	1	87
BnaC03LNG0014100	 936	BnaC03g69150D	 156	-14.30	 -0.1007	61	216	1	156
BnaC03LNG0014200	 517	BnaC03g69260D	 456	-15.50	 -0.1062	324	517	1	194
BnaC03LNG0014300	 1197	BnaC03g69140D	 168	-13.81	 -0.1001	199	366	1	168
BnaC03LNG0014600	 6919	BnaC03g70360D	 129	-11.82	 -0.1170	3750	3878	1	129
BnaC03LNG0014800	 1070	BnaC03g71440D	 396	-23.62	 -0.1256	1	192	205	396
BnaC03LNG0015100	 2257	BnaC03g74350D	 123	-8.82	 -0.1038	1692	1814	1	123
BnaC03LNG0015100	 2257	BnaC03g74410D	 198	-17.06	 -0.1115	1806	2003	1	198
BnaC03LNG0015300	 265	BnaC03g75180D	 600	-9.25	 -0.3426	238	265	1	28
BnaC03LNG0015300	 265	BnaC03g75220D	 303	-3.02	 -0.6040	1	19	285	303
BnaC04LNG0000400	 526	BnaC04g03830D	 513	-17.66	 -0.5352	480	526	1	47
BnaC04LNG0000700	 476	BnaC04g03960D	 255	-15.28	 -0.1194	1	163	93	255
BnaC04LNG0000700	 476	BnaC04g04030D	 105	-10.27	 -0.1059	35	139	1	105
BnaC04LNG0000800	 339	BnaC04g05210D	 309	-8.45	 -0.1320	1	127	183	309
BnaC04LNG0000800	 339	BnaC04g05270D	 1611	-17.71	 -0.1018	106	339	1	234
BnaC04LNG0000900	 469	BnaC04g06190D	 258	-9.87	 -0.4112	1	81	178	258
BnaC04LNG0001100	 2456	BnaC04g10140D	 273	-121.80	 -0.4739	2076	2348	1	273
BnaC04LNG0001300	 1344	BnaC04g13690D	 234	-21.51	 -0.1034	244	477	1	234
BnaC04LNG0001300	 1344	BnaC04g13720D	 87	-11.48	 -0.1453	256	342	1	87
BnaC04LNG0001500	 2864	BnaC04g13960D	 102	-10.99	 -0.1374	1780	1881	1	102
BnaC04LNG0001600	 1143	BnaC04g13960D	 102	-9.93	 -0.1003	931	1032	1	102
BnaC04LNG0001700	 371	BnaC04g14020D	 258	-10.73	 -0.2900	326	371	1	46
BnaC04LNG0001800	 244	BnaC04g14910D	 273	-7.15	 -0.1324	124	244	1	121
BnaC04LNG0002000	 13397	BnaC04g14890D	 210	-20.17	 -0.1327	7884	8093	1	210
BnaC04LNG0002200	 885	BnaC04g15500D	 162	-11.93	 -0.1115	42	203	1	162
BnaC04LNG0002200	 885	BnaC04g15510D	 60	-6.55	 -0.1129	174	233	1	60
BnaC04LNG0002300	 422	BnaC04g15510D	 60	-4.57	 -0.2285	283	342	1	60
BnaC04LNG0002500	 237	BnaC04g16330D	 48	-3.04	 -0.5067	28	75	1	48
BnaC04LNG0002600	 817	BnaC04g16330D	 48	-5.55	 -0.7929	419	466	1	48
BnaC04LNG0002700	 594	BnaC04g16580D	 51	-5.06	 -0.1205	384	434	1	51
BnaC04LNG0002700	 594	BnaC04g16610D	 54	-6.18	 -0.1471	94	147	1	54
BnaC04LNG0002700	 594	BnaC04g16620D	 75	-6.94	 -0.1068	236	310	1	75
BnaC04LNG0003600	 6918	BnaC04g19360D	 69	-9.07	 -0.2519	3878	3946	1	69
BnaC04LNG0003700	 1260	BnaC04g19440D	 408	-295.87	 -0.7324	642	1049	1	408
BnaC04LNG0003800	 1517	BnaC04g20010D	 69	-7.43	 -0.1198	1092	1160	1	69
BnaC04LNG0003800	 1517	BnaC04g20020D	 198	-13.21	 -0.1179	1080	1277	1	198
BnaC04LNG0004200	 294	BnaC04g23310D	 417	-9.48	 -0.1019	160	294	1	135
BnaC04LNG0004200	 294	BnaC04g23350D	 96	-5.53	 -0.1043	227	294	1	68
BnaC04LNG0004600	 476	BnaC04g27820D	 189	-10.66	 -0.1211	1	90	100	189
BnaC04LNG0004700	 2828	BnaC04g27910D	 201	-21.02	 -0.1383	2400	2600	1	201
BnaC04LNG0004700	 2828	BnaC04g27940D	 204	-15.43	 -0.1169	2607	2810	1	204
BnaC04LNG0004800	 700	BnaC04g28100D	 441	-9.38	 -0.1340	1	96	346	441
BnaC04LNG0005100	 801	BnaC04g30300D	 162	-17.64	 -0.1124	447	608	1	162
BnaC04LNG0005100	 801	BnaC04g30310D	 138	-12.58	 -0.1297	133	270	1	138
BnaC04LNG0005100	 801	BnaC04g30350D	 66	-9.62	 -0.1552	152	217	1	66
BnaC04LNG0005200	 286	BnaC04g30530D	 849	-5.94	 -0.2376	257	286	1	30
BnaC04LNG0005400	 902	BnaC04g32620D	 81	-8.60	 -0.1509	627	707	1	81
BnaC04LNG0005400	 902	BnaC04g32680D	 396	-10.10	 -0.1278	1	150	247	396
BnaC04LNG0006000	 879	BnaC04g35360D	 108	-7.90	 -0.1082	571	678	1	108
BnaC04LNG0006000	 879	BnaC04g35370D	 39	-6.37	 -0.1820	566	604	1	39
BnaC04LNG0006200	 838	BnaC04g35540D	 69	-6.59	 -0.1030	271	339	1	69
BnaC04LNG0006200	 838	BnaC04g35570D	 99	-8.14	 -0.1071	653	751	1	99
BnaC04LNG0006800	 2756	BnaC04g40930D	 96	-11.10	 -0.2135	500	595	1	96
BnaC04LNG0006900	 299	BnaC04g40900D	 213	-5.46	 -0.1030	1	75	139	213
BnaC04LNG0006900	 299	BnaC04g41020D	 177	-4.11	 -0.3162	1	28	150	177
BnaC04LNG0007000	 1651	BnaC04g41250D	 111	-10.69	 -0.1038	294	404	1	111
BnaC04LNG0007100	 375	BnaC04g41840D	 54	-5.73	 -0.1364	3	56	1	54
BnaC04LNG0007100	 375	BnaC04g41860D	 201	-9.15	 -0.1726	1	83	119	201
BnaC04LNG0007100	 375	BnaC04g41880D	 210	-9.53	 -0.1305	1	84	127	210
BnaC04LNG0007200	 2117	BnaC04g41880D	 210	-19.52	 -0.1038	1566	1775	1	210
BnaC04LNG0007300	 455	BnaC04g42590D	 246	-7.30	 -0.1460	1	107	140	246
BnaC04LNG0007500	 1367	BnaC04g44830D	 273	-11.33	 -0.1857	1294	1367	1	74
BnaC04LNG0007600	 6608	BnaC04g45490D	 363	-33.32	 -0.1048	2933	3295	1	363
BnaC04LNG0007900	 1636	BnaC04g47090D	 192	-16.53	 -0.1172	1185	1376	1	192
BnaC04LNG0008300	 695	BnaC04g50220D	 93	-11.06	 -0.1728	1	88	6	93
BnaC04LNG0008600	 491	BnaC04g52690D	 171	-6.94	 -0.1052	414	491	1	78
BnaC04LNG0008600	 491	BnaC04g52700D	 282	-7.13	 -0.1584	437	491	1	55
BnaC04LNG0008600	 491	BnaC04g52740D	 624	-5.92	 -0.1233	408	491	1	84
BnaC04LNG0008600	 491	BnaC04g52790D	 525	-4.44	 -0.2960	437	491	1	55
BnaC04LNG0008600	 491	BnaC04g52840D	 783	-5.86	 -0.9767	454	491	1	38
BnaC04LNG0008800	 1532	BnaC04g53400D	 171	-12.91	 -0.1207	641	811	1	171
BnaC04LNG0008800	 1532	BnaC04g53470D	 39	-7.48	 -0.4675	433	471	1	39
BnaC04LNG0008800	 1532	BnaC04g53530D	 183	-20.97	 -0.1178	655	837	1	183
BnaC04LNG0008900	 1293	BnaC04g53680D	 99	-8.51	 -0.1105	493	591	1	99
BnaC04LNG0009000	 563	BnaC04g53790D	 87	-6.93	 -0.1444	149	235	1	87
BnaC04LNG0009000	 563	BnaC04g53830D	 69	-8.31	 -0.1568	125	193	1	69
BnaC04LNG0009000	 563	BnaC04g53840D	 93	-8.97	 -0.1094	302	394	1	93
BnaC04LNG0009100	 1969	BnaC04g53890D	 135	-16.54	 -0.1323	1057	1191	1	135
BnaC04LNG0009100	 1969	BnaC04g53950D	 123	-13.84	 -0.1521	1455	1577	1	123
BnaC04LNG0009100	 1969	BnaC04g54020D	 135	-11.41	 -0.1268	706	840	1	135
BnaC04LNG0009200	 532	BnaC04g54080D	 114	-10.21	 -0.1230	287	400	1	114
BnaC04LNG0009200	 532	BnaC04g54090D	 75	-9.02	 -0.1479	368	442	1	75
BnaC04LNG0009200	 532	BnaC04g54130D	 225	-10.55	 -0.1675	387	532	1	146
BnaC04LNG0009400	 1592	BnaC04g55310D	 99	-10.25	 -0.1971	1198	1296	1	99
BnaC04LNG0009600	 791	BnaC04g56050D	 273	-26.21	 -0.1101	221	493	1	273
BnaC05LNG0000100	 215	BnaC05g01560D	 372	-6.28	 -0.1903	162	215	1	54
BnaC05LNG0000100	 215	BnaC05g01580D	 189	-6.20	 -0.1265	151	215	1	65
BnaC05LNG0000100	 215	BnaC05g01810D	 216	-7.82	 -0.1016	134	215	1	82
BnaC05LNG0000200	 942	BnaC05g03800D	 66	-6.76	 -0.1056	148	213	1	66
BnaC05LNG0000300	 641	BnaC05g06410D	 345	-12.43	 -0.1072	471	641	1	171
BnaC05LNG0000500	 1878	BnaC05g07720D	 45	-7.04	 -0.2271	698	742	1	45
BnaC05LNG0000700	 669	BnaC05g08530D	 207	-17.87	 -0.1033	151	357	1	207
BnaC05LNG0000900	 2718	BnaC05g10690D	 225	-21.10	 -0.1005	1218	1442	1	225
BnaC05LNG0001200	 671	BnaC05g12630D	 36	-5.52	 -0.1725	357	392	1	36
BnaC05LNG0001400	 1285	BnaC05g14480D	 51	-5.46	 -0.1476	266	316	1	51
BnaC05LNG0001500	 2226	BnaC05g14400D	 174	-12.04	 -0.1020	529	702	1	174
BnaC05LNG0001500	 2226	BnaC05g14450D	 135	-11.18	 -0.1085	462	596	1	135
BnaC05LNG0001500	 2226	BnaC05g14480D	 51	-6.65	 -0.1415	61	111	1	51
BnaC05LNG0001600	 3621	BnaC05g16250D	 1101	-155.51	 -0.1463	1705	2805	1	1101
BnaC05LNG0001700	 1137	BnaC05g16870D	 153	-8.12	 -0.1144	1035	1137	1	103
BnaC05LNG0001700	 1137	BnaC05g16950D	 96	-10.08	 -0.1652	810	905	1	96
BnaC05LNG0001900	 399	BnaC05g17650D	 156	-9.94	 -0.1143	169	324	1	156
BnaC05LNG0002000	 982	BnaC05g17980D	 51	-5.67	 -0.1417	677	727	1	51
BnaC05LNG0002100	 944	BnaC05g17980D	 51	-6.68	 -0.1629	518	568	1	51
BnaC05LNG0002400	 1292	BnaC05g19410D	 96	-10.19	 -0.1670	1077	1172	1	96
BnaC05LNG0002400	 1292	BnaC05g19450D	 159	-14.78	 -0.1048	708	866	1	159
BnaC05LNG0002600	 1631	BnaC05g20150D	 231	-19.65	 -0.1051	705	935	1	231
BnaC05LNG0003100	 1773	BnaC05g20930D	 99	-14.89	 -0.2190	568	666	1	99
BnaC05LNG0003100	 1773	BnaC05g20970D	 198	-22.92	 -0.1424	878	1075	1	198
BnaC05LNG0003200	 320	BnaC05g20930D	 99	-5.41	 -0.1803	1	52	48	99
BnaC05LNG0003200	 320	BnaC05g20930D	 99	-5.41	 -0.1803	1	52	48	99
BnaC05LNG0003300	 879	BnaC05g20930D	 99	-11.26	 -0.1185	671	769	1	99
BnaC05LNG0003700	 1163	BnaC05g23250D	 186	-15.13	 -0.1427	792	977	1	186
BnaC05LNG0003900	 217	BnaC05g24050D	 1803	-20.20	 -0.1181	1	217	1070	1286
BnaC05LNG0003900	 217	BnaC05g24060D	 114	-10.59	 -0.1177	27	140	1	114
BnaC05LNG0004300	 3597	BnaC05g24730D	 270	-16.54	 -0.1313	3429	3597	1	169
BnaC05LNG0004700	 1386	BnaC05g25210D	 582	-218.97	 -0.3862	702	1283	1	582
BnaC05LNG0004700	 1386	BnaC05g25260D	 213	-23.64	 -0.1159	1001	1213	1	213
BnaC05LNG0004700	 1386	BnaC05g25270D	 219	-24.06	 -0.1140	1027	1245	1	219
BnaC05LNG0005000	 480	BnaC05g26250D	 213	-17.95	 -0.1143	22	234	1	213
BnaC05LNG0005700	 1096	BnaC05g28260D	 165	-12.92	 -0.1114	186	350	1	165
BnaC05LNG0006200	 3833	BnaC05g30100D	 201	-13.40	 -0.1047	2511	2711	1	201
BnaC05LNG0006200	 3833	BnaC05g30130D	 189	-16.57	 -0.1083	2464	2652	1	189
BnaC05LNG0006400	 741	BnaC05g30370D	 54	-6.53	 -0.4353	471	524	1	54
BnaC05LNG0006700	 234	BnaC05g31560D	 552	-29.45	 -0.1363	1	234	8	241
BnaC05LNG0006900	 7388	BnaC05g32710D	 87	-10.99	 -0.1391	5931	6017	1	87
BnaC05LNG0006900	 7388	BnaC05g32740D	 39	-8.06	 -0.2303	2151	2189	1	39
BnaC05LNG0007000	 1767	BnaC05g32950D	 78	-10.54	 -0.1506	1023	1100	1	78
BnaC05LNG0007200	 1808	BnaC05g37400D	 177	-13.95	 -0.1192	467	643	1	177
BnaC05LNG0007300	 396	BnaC05g39230D	 93	-9.95	 -0.1843	70	162	1	93
BnaC05LNG0007500	 362	BnaC05g42610D	 105	-8.68	 -0.1021	260	362	1	103
BnaC05LNG0007700	 369	BnaC05g45890D	 321	-16.42	 -0.1073	1	258	64	321
BnaC05LNG0008000	 1347	BnaC05g48860D	 1161	-255.75	 -0.2210	188	1347	1	1160
BnaC05LNG0008700	 1012	BnaC05g51910D	 90	-9.92	 -0.1459	507	596	1	90
BnaC06LNG0000700	 932	BnaC06g03940D	 162	-14.97	 -0.1160	1	135	28	162
BnaC06LNG0000700	 932	BnaC06g03970D	 237	-22.24	 -0.1112	421	657	1	237
BnaC06LNG0000900	 1278	BnaC06g04450D	 96	-9.13	 -0.1985	1151	1246	1	96
BnaC06LNG0001000	 2107	BnaC06g04880D	 132	-13.61	 -0.1204	1503	1634	1	132
BnaC06LNG0001100	 1351	BnaC06g05790D	 117	-18.01	 -0.1819	636	752	1	117
BnaC06LNG0001100	 1351	BnaC06g05900D	 183	-16.48	 -0.1084	1153	1335	1	183
BnaC06LNG0001300	 665	BnaC06g06020D	 123	-12.21	 -0.1141	334	456	1	123
BnaC06LNG0001400	 560	BnaC06g06300D	 78	-8.34	 -0.1367	131	208	1	78
BnaC06LNG0001600	 373	BnaC06g07050D	 423	-14.27	 -0.1151	1	149	275	423
BnaC06LNG0002000	 528	BnaC06g08020D	 159	-11.90	 -0.1608	439	528	1	90
BnaC06LNG0002300	 905	BnaC06g08750D	 69	-9.67	 -0.1535	274	342	1	69
BnaC06LNG0002400	 820	BnaC06g08750D	 69	-11.71	 -0.2602	548	616	1	69
BnaC06LNG0002700	 2730	BnaC06g09350D	 321	-157.22	 -0.5105	577	897	1	321
BnaC06LNG0002700	 2730	BnaC06g09430D	 84	-8.83	 -0.1318	1013	1096	1	84
BnaC06LNG0003600	 770	BnaC06g16880D	 756	-9.05	 -0.1484	1	99	658	756
BnaC06LNG0003900	 1472	BnaC06g18480D	 51	-9.11	 -0.1938	852	902	1	51
BnaC06LNG0004100	 1548	BnaC06g18860D	 219	-22.44	 -0.1111	885	1103	1	219
BnaC06LNG0004200	 347	BnaC06g18760D	 381	-6.63	 -0.9471	1	39	343	381
BnaC06LNG0004200	 347	BnaC06g18790D	 531	-8.47	 -0.1033	1	86	446	531
BnaC06LNG0004200	 347	BnaC06g18820D	 654	-13.67	 -0.1775	1	124	531	654
BnaC06LNG0004300	 271	BnaC06g19110D	 1185	-11.85	 -0.1823	1	87	1099	1185
BnaC06LNG0004300	 271	BnaC06g19170D	 519	-6.36	 -0.1590	1	69	451	519
BnaC06LNG0004300	 271	BnaC06g19260D	 72	-5.84	 -0.1424	1	70	3	72
BnaC06LNG0004600	 517	BnaC06g20610D	 57	-6.66	 -0.1417	216	272	1	57
BnaC06LNG0004700	 1412	BnaC06g20610D	 57	-9.91	 -0.3670	1082	1138	1	57
BnaC06LNG0004800	 663	BnaC06g21090D	 210	-9.66	 -0.1323	580	663	1	84
BnaC06LNG0005100	 409	BnaC06g23740D	 69	-7.07	 -0.1263	2	70	1	69
BnaC06LNG0005100	 409	BnaC06g23800D	 105	-9.64	 -0.1483	74	178	1	105
BnaC06LNG0005300	 829	BnaC06g24300D	 78	-10.74	 -0.1513	707	784	1	78
BnaC06LNG0005300	 829	BnaC06g24310D	 75	-9.49	 -0.1356	351	425	1	75
BnaC06LNG0005600	 1306	BnaC06g25610D	 75	-9.58	 -0.1430	786	860	1	75
BnaC06LNG0005600	 1306	BnaC06g25620D	 114	-13.08	 -0.1178	624	737	1	114
BnaC06LNG0005700	 472	BnaC06g25610D	 75	-7.27	 -0.1425	1	60	16	75
BnaC06LNG0005700	 472	BnaC06g25670D	 168	-16.51	 -0.1310	306	472	1	167
BnaC06LNG0005900	 1506	BnaC06g26880D	 201	-13.88	 -0.1735	1	99	103	201
BnaC06LNG0006000	 3688	BnaC06g26970D	 72	-6.63	 -0.1069	400	471	1	72
BnaC06LNG0006200	 533	BnaC06g28060D	 231	-10.33	 -0.1111	1	158	74	231
BnaC06LNG0006600	 716	BnaC06g30050D	 909	-503.35	 -0.7306	1	716	12	727
BnaC06LNG0006600	 716	BnaC06g30100D	 264	-21.09	 -0.1076	1	249	16	264
BnaC06LNG0006700	 1905	BnaC06g30290D	 294	-21.50	 -0.1054	1509	1802	1	294
BnaC06LNG0006900	 3629	BnaC06g31080D	 48	-7.24	 -0.2263	1775	1822	1	48
BnaC06LNG0006900	 3629	BnaC06g31100D	 48	-7.24	 -0.2263	1775	1822	1	48
BnaC06LNG0007000	 1011	BnaC06g31080D	 48	-6.07	 -0.1597	728	775	1	48
BnaC06LNG0007000	 1011	BnaC06g31100D	 48	-6.07	 -0.1597	728	775	1	48
BnaC06LNG0007100	 932	BnaC06g31080D	 48	-8.14	 -0.2907	760	807	1	48
BnaC06LNG0007100	 932	BnaC06g31100D	 48	-8.14	 -0.2907	760	807	1	48
BnaC06LNG0007300	 534	BnaC06g33090D	 111	-11.08	 -0.1108	203	313	1	111
BnaC06LNG0007400	 387	BnaC06g33330D	 429	-10.10	 -0.1347	1	117	313	429
BnaC06LNG0007400	 387	BnaC06g33380D	 84	-8.10	 -0.1141	10	93	1	84
BnaC06LNG0007800	 706	BnaC06g36650D	 147	-12.08	 -0.1162	303	449	1	147
BnaC06LNG0007900	 567	BnaC06g37200D	 1104	-24.71	 -0.1574	396	567	1	172
BnaC06LNG0007900	 567	BnaC06g37220D	 39	-7.51	 -0.2423	88	126	1	39
BnaC06LNG0007900	 567	BnaC06g37340D	 312	-18.88	 -0.1021	342	567	1	226
BnaC06LNG0008000	 1270	BnaC06g37520D	 66	-5.44	 -0.1067	1	53	14	66
BnaC06LNG0008100	 201	BnaC06g37660D	 627	-12.68	 -0.1714	1	102	526	627
BnaC06LNG0008100	 201	BnaC06g37690D	 180	-10.53	 -0.2700	1	47	134	180
BnaC06LNG0008100	 201	BnaC06g37810D	 1071	-20.72	 -0.1491	1	201	721	921
BnaC06LNG0008100	 201	BnaC06g37820D	 1023	-16.16	 -0.1023	1	201	353	553
BnaC06LNG0008100	 201	BnaC06g37830D	 792	-14.15	 -0.1993	1	111	682	792
BnaC06LNG0008300	 623	BnaC06g40750D	 210	-15.97	 -0.1024	355	564	1	210
BnaC06LNG0008300	 623	BnaC06g40780D	 42	-8.08	 -0.2786	433	474	1	42
BnaC06LNG0008500	 604	BnaC06g41390D	 336	-10.69	 -0.1201	1	143	194	336
BnaC06LNG0008900	 488	BnaC06g43590D	 471	-10.69	 -0.2672	1	42	430	471
BnaC07LNG0000600	 1049	BnaC07g03190D	 174	-14.20	 -0.1145	334	507	1	174
BnaC07LNG0000700	 6904	BnaC07g03250D	 189	-20.13	 -0.1131	4420	4608	1	189
BnaC07LNG0000900	 2615	BnaC07g03430D	 186	-18.73	 -0.1046	1415	1600	1	186
BnaC07LNG0000900	 2615	BnaC07g03460D	 192	-15.51	 -0.1939	2511	2615	1	105
BnaC07LNG0001400	 1451	BnaC07g04600D	 255	-9.29	 -0.2445	1390	1451	1	62
BnaC07LNG0001400	 1451	BnaC07g04610D	 207	-11.29	 -0.1254	1346	1451	1	106
BnaC07LNG0001400	 1451	BnaC07g04650D	 207	-15.52	 -0.1784	1340	1451	1	112
BnaC07LNG0001500	 1032	BnaC07g04610D	 207	-13.33	 -0.1212	882	1032	1	151
BnaC07LNG0001600	 636	BnaC07g04710D	 90	-6.06	 -0.1289	154	243	1	90
BnaC07LNG0001900	 2005	BnaC07g05850D	 210	-22.11	 -0.1408	797	1006	1	210
BnaC07LNG0002900	 2985	BnaC07g08050D	 465	-15.65	 -0.1326	1	165	301	465
BnaC07LNG0003000	 417	BnaC07g08280D	 342	-5.38	 -0.2690	1	23	320	342
BnaC07LNG0003200	 1742	BnaC07g08580D	 456	-24.40	 -0.1258	1520	1742	1	223
BnaC07LNG0003500	 1304	BnaC07g10210D	 36	-8.16	 -0.4080	13	48	1	36
BnaC07LNG0003600	 337	BnaC07g10480D	 501	-13.73	 -0.1125	1	143	359	501
BnaC07LNG0003800	 1294	BnaC07g10660D	 105	-10.71	 -0.1060	868	972	1	105
BnaC07LNG0004000	 7866	BnaC07g12720D	 291	-24.04	 -0.1036	1891	2181	1	291
BnaC07LNG0004000	 7866	BnaC07g12750D	 138	-13.94	 -0.1133	1841	1978	1	138
BnaC07LNG0004100	 10938	BnaC07g14180D	 99	-13.79	 -0.1407	517	615	1	99
BnaC07LNG0004300	 251	BnaC07g15420D	 69	-8.33	 -0.1602	120	188	1	69
BnaC07LNG0004300	 251	BnaC07g15450D	 1101	-12.74	 -0.1655	153	251	1	99
BnaC07LNG0004400	 378	BnaC07g16370D	 117	-8.29	 -0.2438	1	46	72	117
BnaC07LNG0004600	 1639	BnaC07g21080D	 81	-7.62	 -0.1292	1415	1495	1	81
BnaC07LNG0004700	 1310	BnaC07g21080D	 81	-8.76	 -0.2137	136	216	1	81
BnaC07LNG0005000	 363	BnaC07g22190D	 2283	-17.61	 -0.1087	199	363	1	165
BnaC07LNG0005000	 363	BnaC07g22200D	 2397	-24.64	 -0.1590	199	363	1	165
BnaC07LNG0005400	 524	BnaC07g26780D	 1527	-12.59	 -0.1188	1	137	1391	1527
BnaC07LNG0005400	 524	BnaC07g26810D	 174	-9.54	 -0.1617	1	92	83	174
BnaC07LNG0005400	 524	BnaC07g26920D	 207	-9.03	 -0.3612	1	87	121	207
BnaC07LNG0005600	 2938	BnaC07g29560D	 87	-12.26	 -0.1886	2269	2355	1	87
BnaC07LNG0006200	 799	BnaC07g34850D	 111	-16.04	 -0.2394	36	146	1	111
BnaC07LNG0006300	 219	BnaC07g35350D	 270	-5.22	 -0.2175	163	219	1	57
BnaC07LNG0006400	 1533	BnaC07g35570D	 93	-11.72	 -0.1542	322	414	1	93
BnaC07LNG0007200	 1547	BnaC07g42510D	 129	-17.91	 -0.1791	542	670	1	129
BnaC07LNG0007300	 417	BnaC07g43030D	 108	-11.46	 -0.1102	142	249	1	108
BnaC07LNG0007400	 662	BnaC07g43310D	 72	-8.26	 -0.1291	101	172	1	72
BnaC07LNG0007500	 729	BnaC07g45390D	 138	-11.51	 -0.1037	273	410	1	138
BnaC07LNG0007500	 729	BnaC07g45410D	 51	-9.06	 -0.5663	81	131	1	51
BnaC07LNG0007500	 729	BnaC07g45530D	 330	-17.10	 -0.1196	1	182	149	330
BnaC07LNG0007700	 1607	BnaC07g48240D	 108	-11.42	 -0.1704	1390	1497	1	108
BnaC07LNG0008200	 1966	BnaC07g49150D	 150	-14.79	 -0.1056	476	625	1	150
BnaC07LNG0008300	 5844	BnaC07g49150D	 150	-16.36	 -0.1258	3251	3400	1	150
BnaC08LNG0000100	 1133	BnaC08g00800D	 225	-17.49	 -0.1054	479	703	1	225
BnaC08LNG0000200	 691	BnaC08g01620D	 84	-8.97	 -0.1447	458	541	1	84
BnaC08LNG0000800	 1086	BnaC08g05050D	 84	-9.08	 -0.1513	28	111	1	84
BnaC08LNG0001300	 1324	BnaC08g06040D	 249	-24.32	 -0.1005	423	671	1	249
BnaC08LNG0001300	 1324	BnaC08g06100D	 78	-9.48	 -0.1693	761	838	1	78
BnaC08LNG0001300	 1324	BnaC08g06120D	 186	-21.87	 -0.1272	814	999	1	186
BnaC08LNG0001400	 1166	BnaC08g06100D	 78	-9.40	 -0.2474	697	774	1	78
BnaC08LNG0001500	 560	BnaC08g06100D	 78	-7.32	 -0.1181	131	208	1	78
BnaC08LNG0001600	 1089	BnaC08g06950D	 165	-17.26	 -0.1182	150	314	1	165
BnaC08LNG0001800	 591	BnaC08g07760D	 114	-11.86	 -0.1151	259	372	1	114
BnaC08LNG0002300	 1584	BnaC08g08830D	 144	-14.86	 -0.1179	1269	1412	1	144
BnaC08LNG0002300	 1584	BnaC08g08840D	 66	-11.25	 -0.2206	550	615	1	66
BnaC08LNG0002500	 4749	BnaC08g09290D	 207	-17.82	 -0.1073	3900	4106	1	207
BnaC08LNG0002600	 217	BnaC08g09280D	 306	-14.44	 -0.1039	47	217	1	171
BnaC08LNG0002700	 444	BnaC08g09800D	 129	-7.98	 -0.1174	369	444	1	76
BnaC08LNG0002800	 206	BnaC08g10000D	 234	-7.62	 -0.1954	69	206	1	138
BnaC08LNG0002800	 206	BnaC08g10020D	 327	-7.43	 -0.1032	1	99	229	327
BnaC08LNG0002800	 206	BnaC08g10040D	 288	-14.89	 -0.1041	1	206	48	253
BnaC08LNG0002800	 206	BnaC08g10070D	 69	-7.93	 -0.1469	54	122	1	69
BnaC08LNG0003100	 1067	BnaC08g10480D	 270	-24.08	 -0.1056	317	586	1	270
BnaC08LNG0003300	 1217	BnaC08g10800D	 297	-19.22	 -0.1363	1	197	101	297
BnaC08LNG0003600	 2185	BnaC08g12590D	 219	-21.37	 -0.1327	1399	1617	1	219
BnaC08LNG0003600	 2185	BnaC08g12610D	 192	-19.03	 -0.1795	1541	1732	1	192
BnaC08LNG0003600	 2185	BnaC08g12620D	 117	-14.23	 -0.1779	458	574	1	117
BnaC08LNG0003700	 728	BnaC08g16180D	 87	-7.05	 -0.8812	552	638	1	87
BnaC08LNG0003700	 728	BnaC08g16310D	 81	-12.09	 -0.1703	558	638	1	81
BnaC08LNG0003700	 728	BnaC08g16360D	 60	-8.31	 -0.1511	660	719	1	60
BnaC08LNG0003700	 728	BnaC08g16380D	 339	-23.87	 -0.1520	561	728	1	168
BnaC08LNG0003700	 728	BnaC08g16410D	 84	-6.57	 -0.1114	489	572	1	84
BnaC08LNG0004200	 826	BnaC08g21650D	 66	-7.77	 -0.2590	762	826	1	65
BnaC08LNG0004800	 1142	BnaC08g24340D	 249	-19.53	 -0.1061	212	460	1	249
BnaC08LNG0004800	 1142	BnaC08g24390D	 42	-8.12	 -0.2195	764	805	1	42
BnaC08LNG0005000	 2607	BnaC08g31040D	 39	-7.71	 -0.2754	2028	2066	1	39
BnaC08LNG0005200	 650	BnaC08g31890D	 93	-5.74	 -0.1196	90	182	1	93
BnaC08LNG0005300	 1716	BnaC08g34480D	 255	-21.68	 -0.1112	752	1006	1	255
BnaC08LNG0005300	 1716	BnaC08g34580D	 183	-19.04	 -0.1046	13	195	1	183
BnaC08LNG0005400	 2513	BnaC08g34580D	 183	-17.32	 -0.1019	1819	2001	1	183
BnaC08LNG0005400	 2513	BnaC08g34630D	 165	-13.30	 -0.1047	1796	1960	1	165
BnaC08LNG0005500	 1379	BnaC08g34810D	 84	-8.61	 -0.1285	1061	1144	1	84
BnaC08LNG0005600	 879	BnaC08g34810D	 84	-8.85	 -0.1383	1	71	14	84
BnaC08LNG0005600	 879	BnaC08g34820D	 183	-22.77	 -0.1279	349	531	1	183
BnaC08LNG0005700	 219	BnaC08g35670D	 201	-8.08	 -0.1138	1	86	116	201
BnaC08LNG0005700	 219	BnaC08g35710D	 1689	-10.12	 -0.1533	1	85	1605	1689
BnaC08LNG0005700	 219	BnaC08g35750D	 546	-9.03	 -0.1101	1	93	454	546
BnaC08LNG0005900	 1157	BnaC08g37080D	 207	-19.56	 -0.1052	565	771	1	207
BnaC08LNG0006200	 733	BnaC08g39010D	 273	-30.51	 -0.1206	433	705	1	273
BnaC08LNG0006200	 733	BnaC08g39020D	 2553	-49.85	 -0.1458	381	733	1	353
BnaC08LNG0006200	 733	BnaC08g39080D	 1158	-38.10	 -0.1052	371	733	1	363
BnaC08LNG0006200	 733	BnaC08g39130D	 297	-29.51	 -0.1180	437	733	1	297
BnaC08LNG0006200	 733	BnaC08g39160D	 153	-18.35	 -0.1349	422	574	1	153
BnaC08LNG0006300	 260	BnaC08g40110D	 99	-3.81	 -0.1314	189	260	1	72
BnaC08LNG0006300	 260	BnaC08g40120D	 114	-6.78	 -0.2825	184	260	1	77
BnaC08LNG0006700	 755	BnaC08g46640D	 924	-16.53	 -0.1080	1	189	736	924
BnaC08LNG0007200	 2452	BnaC08g47580D	 180	-15.06	 -0.1046	282	461	1	180
BnaC08LNG0007200	 2452	BnaC08g47590D	 216	-21.99	 -0.1052	1181	1396	1	216
BnaC08LNG0007300	 1357	BnaC08g47580D	 180	-12.62	 -0.1061	1	153	28	180
BnaC08LNG0007300	 1357	BnaC08g47650D	 117	-9.05	 -0.1077	769	885	1	117
BnaC08LNG0007400	 2689	BnaC08g47680D	 201	-19.00	 -0.1166	1848	2048	1	201
BnaC08LNG0007400	 2689	BnaC08g47690D	 165	-13.48	 -0.1172	1856	2020	1	165
BnaC08LNG0007400	 2689	BnaC08g47700D	 66	-13.14	 -0.3129	1863	1928	1	66
BnaC08LNG0007900	 455	BnaC08g48760D	 249	-10.15	 -0.1336	1	95	155	249
BnaC08LNG0007900	 455	BnaC08g48780D	 231	-9.77	 -0.1286	1	95	137	231
BnaC09LNG0000100	 1101	BnaC09g00740D	 102	-9.49	 -0.1043	920	1021	1	102
BnaC09LNG0000100	 1101	BnaC09g00900D	 174	-11.68	 -0.1072	548	721	1	174
BnaC09LNG0000300	 245	BnaC09g03880D	 120	-9.19	 -0.1734	1	95	26	120
BnaC09LNG0000400	 3163	BnaC09g04230D	 63	-6.41	 -0.2374	755	817	1	63
BnaC09LNG0000500	 5336	BnaC09g04590D	 189	-104.11	 -0.5849	668	856	1	189
BnaC09LNG0000600	 244	BnaC09g04870D	 381	-6.91	 -0.1919	180	244	1	65
BnaC09LNG0000700	 1099	BnaC09g05640D	 195	-16.64	 -0.1156	108	302	1	195
BnaC09LNG0001400	 2015	BnaC09g08950D	 63	-8.27	 -0.1426	627	689	1	63
BnaC09LNG0001400	 2015	BnaC09g08960D	 57	-7.55	 -0.1716	1097	1153	1	57
BnaC09LNG0001500	 364	BnaC09g09390D	 1182	-10.99	 -0.1099	1	119	1064	1182
BnaC09LNG0001500	 364	BnaC09g09450D	 210	-10.94	 -0.1633	246	364	1	119
BnaC09LNG0001500	 364	BnaC09g09500D	 321	-10.91	 -0.1029	234	364	1	131
BnaC09LNG0001500	 364	BnaC09g09510D	 288	-6.50	 -0.1048	1	119	170	288
BnaC09LNG0001600	 232	BnaC09g09510D	 288	-6.52	 -0.1052	152	232	1	81
BnaC09LNG0001700	 505	BnaC09g09780D	 207	-10.32	 -0.1053	236	442	1	207
BnaC09LNG0001800	 370	BnaC09g09880D	 453	-12.01	 -0.1166	1	110	344	453
BnaC09LNG0001800	 370	BnaC09g09980D	 1269	-21.07	 -0.1003	1	229	1041	1269
BnaC09LNG0002000	 555	BnaC09g11220D	 96	-8.59	 -0.2203	1	40	57	96
BnaC09LNG0002200	 257	BnaC09g12500D	 1950	-14.05	 -0.1266	142	257	1	116
BnaC09LNG0002500	 1801	BnaC09g13370D	 54	-13.04	 -0.2717	456	509	1	54
BnaC09LNG0002500	 1801	BnaC09g13380D	 312	-23.17	 -0.1034	94	405	1	312
BnaC09LNG0002500	 1801	BnaC09g13400D	 180	-19.52	 -0.1243	1465	1644	1	180
BnaC09LNG0002600	 544	BnaC09g14030D	 444	-8.99	 -0.3211	1	66	379	444
BnaC09LNG0002800	 310	BnaC09g14360D	 243	-9.52	 -0.1046	195	310	1	116
BnaC09LNG0002900	 435	BnaC09g14550D	 153	-4.79	 -0.2177	343	435	1	93
BnaC09LNG0003000	 495	BnaC09g14520D	 81	-7.63	 -0.2543	72	152	1	81
BnaC09LNG0003000	 495	BnaC09g14550D	 153	-13.04	 -0.1516	1	120	34	153
BnaC09LNG0003300	 1113	BnaC09g16000D	 75	-8.91	 -0.1461	567	641	1	75
BnaC09LNG0003400	 755	BnaC09g16520D	 195	-11.33	 -0.2763	1	61	135	195
BnaC09LNG0003500	 381	BnaC09g17790D	 192	-6.57	 -0.1825	1	49	144	192
BnaC09LNG0003600	 728	BnaC09g18160D	 105	-11.46	 -0.1433	439	543	1	105
BnaC09LNG0004200	 280	BnaC09g18820D	 192	-6.65	 -0.1478	214	280	1	67
BnaC09LNG0004200	 280	BnaC09g18830D	 237	-6.11	 -0.1273	178	280	1	103
BnaC09LNG0004400	 414	BnaC09g19640D	 162	-9.43	 -0.1025	311	414	1	104
BnaC09LNG0004700	 694	BnaC09g19890D	 285	-12.33	 -0.1063	1	149	137	285
BnaC09LNG0004800	 470	BnaC09g20070D	 99	-8.16	 -0.1338	59	157	1	99
BnaC09LNG0005000	 596	BnaC09g20860D	 123	-11.20	 -0.1009	386	508	1	123
BnaC09LNG0005100	 1425	BnaC09g20790D	 225	-23.28	 -0.1078	486	710	1	225
BnaC09LNG0005100	 1425	BnaC09g20860D	 123	-12.82	 -0.1187	618	740	1	123
BnaC09LNG0005200	 728	BnaC09g21400D	 51	-5.49	 -0.1408	448	498	1	51
BnaC09LNG0005800	 1944	BnaC09g24740D	 75	-8.08	 -0.1206	679	753	1	75
BnaC09LNG0005900	 544	BnaC09g24740D	 75	-7.85	 -0.1308	313	387	1	75
BnaC09LNG0006000	 1378	BnaC09g24740D	 75	-6.85	 -0.1007	1022	1096	1	75
BnaC09LNG0006100	 556	BnaC09g24830D	 36	-3.52	 -0.2071	127	162	1	36
BnaC09LNG0006700	 223	BnaC09g26390D	 405	-10.33	 -0.2198	1	73	333	405
BnaC09LNG0006900	 1068	BnaC09g26610D	 105	-10.42	 -0.1353	658	762	1	105
BnaC09LNG0007100	 264	BnaC09g27140D	 54	-6.26	 -0.1456	94	147	1	54
BnaC09LNG0007100	 264	BnaC09g27200D	 51	-4.80	 -0.1021	13	63	1	51
BnaC09LNG0007200	 923	BnaC09g27440D	 387	-168.36	 -0.4466	446	832	1	387
BnaC09LNG0007300	 476	BnaC09g28210D	 33	-5.55	 -0.1914	141	173	1	33
BnaC09LNG0007800	 581	BnaC09g31410D	 141	-13.25	 -0.1366	205	345	1	141
BnaC09LNG0008100	 451	BnaC09g33000D	 51	-6.04	 -0.3775	296	346	1	51
BnaC09LNG0008200	 3298	BnaC09g33060D	 183	-15.90	 -0.1082	366	548	1	183
BnaC09LNG0008300	 698	BnaC09g33370D	 72	-6.95	 -0.1738	194	265	1	72
BnaC09LNG0008600	 1696	BnaC09g34950D	 69	-6.46	 -0.1576	1546	1614	1	69
BnaC09LNG0009100	 666	BnaC09g42700D	 471	-21.83	 -0.1001	1	221	251	471
BnaC09LNG0009300	 1674	BnaC09g47850D	 165	-15.05	 -0.1038	1036	1200	1	165
BnaC09LNG0009300	 1674	BnaC09g47990D	 324	-28.47	 -0.1112	977	1300	1	324
BnaC09LNG0009300	 1674	BnaC09g48060D	 51	-10.18	 -0.3181	1396	1446	1	51
BnaC09LNG0009500	 822	BnaC09g50750D	 171	-9.30	 -0.1011	696	822	1	127
BnaC09LNG0010100	 761	BnaC09g53140D	 165	-8.86	 -0.1214	500	664	1	165
BnaC09LNG0010200	 328	BnaC09g53490D	 249	-9.95	 -0.1363	238	328	1	91
BnaC09LNG0010300	 5296	BnaC09g54220D	 1170	-870.86	 -0.7612	4092	5261	1	1170
BnaC09LNG0010300	 5296	BnaC09g54240D	 201	-20.04	 -0.1060	1588	1788	1	201
BnaC09LNG0010400	 1042	BnaC09g54690D	 1608	-108.26	 -0.3129	665	1042	1	378
BnaC09LNG0010400	 1042	BnaC09g54730D	 87	-8.11	 -0.1027	892	978	1	87
BnaC09LNG0010500	 814	BnaC09g54730D	 87	-6.94	 -0.1577	491	577	1	87
BnaC09LNG0010500	 814	BnaC09g54750D	 444	-23.79	 -0.1675	1	169	276	444
BnaCnnLNG0000200	 1093	BnaCnng00910D	 60	-7.66	 -0.1868	638	697	1	60
BnaCnnLNG0000200	 1093	BnaCnng00970D	 48	-6.47	 -0.6470	876	923	1	48
BnaCnnLNG0000300	 1338	BnaCnng04660D	 57	-7.99	 -0.1537	954	1010	1	57
BnaCnnLNG0000500	 319	BnaCnng07210D	 765	-5.79	 -0.1447	1	46	720	765
BnaCnnLNG0000500	 319	BnaCnng07230D	 339	-5.68	 -0.1262	256	319	1	64
BnaCnnLNG0000500	 319	BnaCnng07250D	 789	-5.46	 -0.1138	265	319	1	55
BnaCnnLNG0000600	 1019	BnaCnng07440D	 39	-6.06	 -0.3189	409	447	1	39
BnaCnnLNG0001100	 498	BnaCnng10070D	 45	-5.97	 -0.1357	448	492	1	45
BnaCnnLNG0001400	 2632	BnaCnng11680D	 84	-8.20	 -0.1065	461	544	1	84
BnaCnnLNG0001500	 2033	BnaCnng13200D	 78	-10.81	 -0.1590	509	586	1	78
BnaCnnLNG0001700	 290	BnaCnng13560D	 195	-5.76	 -0.1108	1	76	120	195
BnaCnnLNG0001700	 290	BnaCnng13570D	 213	-4.66	 -0.1165	1	81	133	213
BnaCnnLNG0001700	 290	BnaCnng13580D	 213	-4.66	 -0.1165	1	81	133	213
BnaCnnLNG0002000	 1720	BnaCnng16090D	 204	-17.41	 -0.1690	74	277	1	204
BnaCnnLNG0002500	 625	BnaCnng21900D	 189	-13.13	 -0.1397	497	625	1	129
BnaCnnLNG0002500	 625	BnaCnng21920D	 126	-9.68	 -0.1195	361	486	1	126
BnaCnnLNG0002600	 268	BnaCnng22160D	 615	-4.06	 -0.4511	1	35	581	615
BnaCnnLNG0002700	 1047	BnaCnng22730D	 207	-19.97	 -0.1116	604	810	1	207
BnaCnnLNG0002700	 1047	BnaCnng22790D	 117	-10.04	 -0.1004	597	713	1	117
BnaCnnLNG0002800	 527	BnaCnng23760D	 105	-15.47	 -0.2091	1	91	15	105
BnaCnnLNG0002800	 527	BnaCnng23790D	 153	-16.00	 -0.1159	160	312	1	153
BnaCnnLNG0003100	 3996	BnaCnng24790D	 48	-8.36	 -0.3483	2067	2114	1	48
BnaCnnLNG0003100	 3996	BnaCnng24810D	 132	-12.26	 -0.1048	367	498	1	132
BnaCnnLNG0003100	 3996	BnaCnng24820D	 87	-10.60	 -0.1413	398	484	1	87
BnaCnnLNG0003200	 425	BnaCnng25110D	 489	-9.63	 -0.2534	1	81	409	489
BnaCnnLNG0003400	 8129	BnaCnng26580D	 165	-17.07	 -0.1047	1849	2013	1	165
BnaCnnLNG0003400	 8129	BnaCnng26620D	 183	-20.82	 -0.1270	5551	5733	1	183
BnaCnnLNG0003400	 8129	BnaCnng26650D	 312	-30.26	 -0.1058	4661	4972	1	312
BnaCnnLNG0003500	 2641	BnaCnng27070D	 336	-26.78	 -0.1022	521	856	1	336
BnaCnnLNG0003500	 2641	BnaCnng27090D	 96	-13.54	 -0.2220	551	646	1	96
BnaCnnLNG0003600	 2669	BnaCnng27200D	 87	-10.72	 -0.1757	1586	1672	1	87
BnaCnnLNG0003600	 2669	BnaCnng27300D	 48	-6.55	 -0.1638	805	852	1	48
BnaCnnLNG0003900	 2646	BnaCnng27880D	 144	-13.23	 -0.1058	1071	1214	1	144
BnaCnnLNG0004300	 717	BnaCnng30380D	 63	-8.25	 -0.1473	295	357	1	63
BnaCnnLNG0004300	 717	BnaCnng30420D	 111	-13.34	 -0.1247	208	318	1	111
BnaCnnLNG0004500	 308	BnaCnng31710D	 285	-15.02	 -0.1029	1	220	66	285
BnaCnnLNG0004500	 308	BnaCnng31760D	 297	-15.58	 -0.1046	129	308	1	180
BnaCnnLNG0004900	 2054	BnaCnng33740D	 165	-14.42	 -0.1457	1647	1811	1	165
BnaCnnLNG0005000	 618	BnaCnng34410D	 588	-12.76	 -0.1072	449	618	1	170
BnaCnnLNG0005100	 1307	BnaCnng34900D	 87	-8.85	 -0.1229	1160	1246	1	87
BnaCnnLNG0005200	 2745	BnaCnng34900D	 87	-8.42	 -0.1052	570	656	1	87
BnaCnnLNG0005300	 2180	BnaCnng34900D	 87	-14.21	 -0.3023	867	953	1	87
BnaCnnLNG0005700	 333	BnaCnng35680D	 186	-17.59	 -0.1571	11	196	1	186
BnaCnnLNG0005700	 333	BnaCnng35720D	 237	-8.58	 -0.1034	240	333	1	94
BnaCnnLNG0005700	 333	BnaCnng35740D	 237	-8.58	 -0.1034	240	333	1	94
BnaCnnLNG0005900	 407	BnaCnng36240D	 165	-9.84	 -0.1640	1	83	83	165
BnaCnnLNG0006100	 1707	BnaCnng36810D	 195	-15.10	 -0.1119	1039	1233	1	195
BnaCnnLNG0006800	 256	BnaCnng40130D	 1860	-12.34	 -0.1102	70	256	1	187
BnaCnnLNG0006800	 256	BnaCnng40150D	 198	-10.17	 -0.1541	149	256	1	108
BnaCnnLNG0006900	 1395	BnaCnng40290D	 144	-17.71	 -0.1238	1234	1377	1	144
BnaCnnLNG0007200	 651	BnaCnng42050D	 84	-6.37	 -0.1481	544	627	1	84
BnaCnnLNG0007500	 1403	BnaCnng44100D	 225	-18.47	 -0.1061	1051	1275	1	225
BnaCnnLNG0007500	 1403	BnaCnng44200D	 291	-30.15	 -0.1081	1002	1292	1	291
BnaCnnLNG0008100	 1121	BnaCnng47500D	 78	-7.63	 -0.1956	624	701	1	78
BnaCnnLNG0008700	 3337	BnaCnng49450D	 90	-10.55	 -0.1445	660	749	1	90
BnaCnnLNG0008900	 1344	BnaCnng50620D	 90	-7.05	 -0.1237	763	852	1	90
BnaCnnLNG0009000	 2063	BnaCnng51070D	 288	-27.64	 -0.1024	1723	2010	1	288
BnaCnnLNG0009100	 483	BnaCnng51360D	 588	-12.05	 -0.2114	1	80	509	588
BnaCnnLNG0009700	 312	BnaCnng54150D	 192	-7.47	 -0.3112	1	40	153	192
BnaCnnLNG0009700	 312	BnaCnng54220D	 162	-11.92	 -0.1192	1	121	42	162
BnaCnnLNG0009800	 758	BnaCnng54150D	 192	-13.26	 -0.1143	268	459	1	192
BnaCnnLNG0010200	 506	BnaCnng56580D	 126	-8.34	 -0.1030	358	483	1	126
BnaCnnLNG0010300	 1009	BnaCnng56580D	 126	-13.24	 -0.1719	189	314	1	126
BnaCnnLNG0011100	 1480	BnaCnng57450D	 264	-23.23	 -0.1023	137	400	1	264
BnaCnnLNG0011100	 1480	BnaCnng57470D	 261	-23.99	 -0.1340	452	712	1	261
BnaCnnLNG0011400	 2304	BnaCnng58570D	 312	-29.10	 -0.1271	1971	2282	1	312
BnaCnnLNG0011500	 718	BnaCnng58620D	 492	-21.51	 -0.1304	532	718	1	187
BnaCnnLNG0011500	 718	BnaCnng58680D	 84	-7.10	 -0.1224	577	660	1	84
BnaCnnLNG0011600	 2573	BnaCnng58680D	 84	-12.18	 -0.1668	1261	1344	1	84
BnaCnnLNG0012100	 547	BnaCnng64750D	 39	-5.37	 -0.1790	445	483	1	39
BnaCnnLNG0012200	 515	BnaCnng65540D	 87	-9.37	 -0.1320	11	97	1	87
BnaCnnLNG0012800	 777	BnaCnng69310D	 222	-20.61	 -0.1046	320	541	1	222
BnaCnnLNG0012800	 777	BnaCnng69320D	 120	-10.86	 -0.1448	505	624	1	120
BnaCnnLNG0013300	 1428	BnaCnng71240D	 114	-12.55	 -0.1364	514	627	1	114
BnaCnnLNG0013300	 1428	BnaCnng71260D	 99	-10.52	 -0.1156	793	891	1	99
BnaCnnLNG0013600	 203	BnaCnng73380D	 1434	-22.17	 -0.1246	1	203	397	599
BnaCnnLNG0014000	 1296	BnaCnng75830D	 213	-10.65	 -0.2731	1249	1296	1	48
BnaCnnLNG0014000	 1296	BnaCnng75880D	 78	-11.90	 -0.2333	115	192	1	78
BnaCnnLNG0014200	 356	BnaCnng76510D	 102	-4.52	 -0.1412	306	356	1	51
BnaCnnLNG0014300	 1112	BnaCnng77050D	 297	-10.67	 -0.2134	1	79	219	297
BnaCnnLNG0014800	 3119	BnaUnng02020D	 84	-8.57	 -0.1617	2442	2525	1	84
BnaCnnLNG0014800	 3119	BnaUnng02040D	 213	-18.54	 -0.1117	2849	3061	1	213
BnaCnnLNG0015200	 503	BnaUnng03200D	 291	-11.46	 -0.1415	391	503	1	113
BnaCnnLNG0015200	 503	BnaUnng03210D	 414	-9.72	 -0.1473	378	503	1	126
BnaCnnLNG0016000	 1276	BnaUnng04590D	 249	-14.94	 -0.1158	1105	1276	1	172
BnaCnnLNG0016000	 1276	BnaUnng04620D	 153	-14.09	 -0.1118	33	185	1	153
BnaCnnLNG0016000	 1276	BnaUnng04650D	 153	-17.22	 -0.1179	400	552	1	153
