Query		 Length_Query		 Target		 Length_Target		 dG		 ndG		 Start_Position_Query		 End_Position_Query		 Start_Position_Target		 End_Position_Target
BnaA01LNG0000100	 2431	BnaA01g01720D	 75	-12.77	 -0.2554	2165	2239	1	75
BnaA01LNG0000300	 2986	BnaA01g05650D	 81	-8.91	 -0.1128	2163	2243	1	81
BnaA01LNG0000700	 1491	BnaA01g08740D	 69	-7.26	 -0.1815	243	311	1	69
BnaA01LNG0001100	 500	BnaA01g11750D	 354	-12.29	 -0.1088	345	500	1	156
BnaA01LNG0001200	 323	BnaA01g11790D	 1692	-7.03	 -0.1255	1	84	1609	1692
BnaA01LNG0001200	 323	BnaA01g11860D	 393	-6.55	 -0.1424	1	108	286	393
BnaA01LNG0001500	 1015	BnaA01g13150D	 75	-8.64	 -0.2215	867	941	1	75
BnaA01LNG0001600	 923	BnaA01g14930D	 159	-11.11	 -0.1019	1	112	48	159
BnaA01LNG0001700	 547	BnaA01g15590D	 1989	-10.64	 -0.1834	460	547	1	88
BnaA01LNG0001700	 547	BnaA01g15650D	 2769	-10.74	 -0.1043	427	547	1	121
BnaA01LNG0001700	 547	BnaA01g15670D	 681	-6.32	 -0.1470	1	52	630	681
BnaA01LNG0001700	 547	BnaA01g15690D	 681	-7.67	 -0.1667	1	93	589	681
BnaA01LNG0001900	 2743	BnaA01g16920D	 177	-16.55	 -0.1015	812	988	1	177
BnaA01LNG0001900	 2743	BnaA01g16930D	 114	-13.55	 -0.1783	1758	1871	1	114
BnaA01LNG0002300	 308	BnaA01g18180D	 1287	-17.74	 -0.7392	1	43	1245	1287
BnaA01LNG0002300	 308	BnaA01g18190D	 324	-4.00	 -0.4444	1	20	305	324
BnaA01LNG0002400	 416	BnaA01g18220D	 171	-7.26	 -0.1231	314	416	1	103
BnaA01LNG0002400	 416	BnaA01g18240D	 177	-7.79	 -0.2291	338	416	1	79
BnaA01LNG0002600	 3068	BnaA01g18830D	 120	-19.73	 -0.1827	716	835	1	120
BnaA01LNG0002700	 983	BnaA01g19070D	 84	-9.37	 -0.1644	285	368	1	84
BnaA01LNG0003100	 3872	BnaA01g20870D	 168	-16.32	 -0.1118	2222	2389	1	168
BnaA01LNG0003200	 3654	BnaA01g20870D	 168	-16.32	 -0.1118	2004	2171	1	168
BnaA01LNG0003300	 2370	BnaA01g20870D	 168	-18.07	 -0.1109	1412	1579	1	168
BnaA01LNG0003300	 2370	BnaA01g20910D	 81	-8.32	 -0.1095	331	411	1	81
BnaA01LNG0003400	 2356	BnaA01g22470D	 348	-27.12	 -0.1051	29	376	1	348
BnaA01LNG0003400	 2356	BnaA01g22530D	 105	-13.29	 -0.1564	156	260	1	105
BnaA01LNG0003500	 272	BnaA01g23260D	 138	-7.51	 -0.1104	164	272	1	109
BnaA01LNG0003500	 272	BnaA01g23310D	 222	-6.88	 -0.1075	183	272	1	90
BnaA01LNG0003600	 990	BnaA01g24170D	 114	-11.12	 -0.1544	333	446	1	114
BnaA01LNG0003800	 1074	BnaA01g24930D	 342	-29.49	 -0.1096	19	360	1	342
BnaA01LNG0003800	 1074	BnaA01g24960D	 153	-15.30	 -0.1055	591	743	1	153
BnaA01LNG0004000	 260	BnaA01g25030D	 666	-9.50	 -0.1011	134	260	1	127
BnaA01LNG0004000	 260	BnaA01g25040D	 81	-8.30	 -0.1431	198	260	1	63
BnaA01LNG0004000	 260	BnaA01g25080D	 360	-16.80	 -0.1235	1	152	209	360
BnaA01LNG0004100	 9815	BnaA01g25040D	 81	-9.77	 -0.1221	1146	1226	1	81
BnaA01LNG0004100	 9815	BnaA01g25160D	 135	-17.78	 -0.1852	5591	5725	1	135
BnaA01LNG0004300	 449	BnaA01g26110D	 795	-21.37	 -0.1214	1	205	591	795
BnaA01LNG0004300	 449	BnaA01g26150D	 87	-9.64	 -0.1268	99	185	1	87
BnaA01LNG0004400	 1296	BnaA01g26150D	 87	-9.80	 -0.1195	1040	1126	1	87
BnaA01LNG0004600	 486	BnaA01g27960D	 120	-8.74	 -0.1066	113	232	1	120
BnaA01LNG0004600	 486	BnaA01g27980D	 666	-9.53	 -0.1288	1	102	565	666
BnaA01LNG0004900	 4295	BnaA01g28730D	 102	-9.36	 -0.1088	1482	1583	1	102
BnaA01LNG0005100	 1581	BnaA01g29330D	 78	-8.15	 -0.1734	493	570	1	78
BnaA01LNG0005100	 1581	BnaA01g29340D	 93	-11.13	 -0.1988	1456	1548	1	93
BnaA01LNG0005200	 1066	BnaA01g29330D	 78	-10.74	 -0.2192	396	473	1	78
BnaA01LNG0005200	 1066	BnaA01g29340D	 93	-8.47	 -0.1246	203	295	1	93
BnaA01LNG0005300	 524	BnaA01g29540D	 312	-9.54	 -0.7338	460	524	1	65
BnaA01LNG0005300	 524	BnaA01g29620D	 87	-5.34	 -0.1780	352	438	1	87
BnaA01LNG0005300	 524	BnaA01g29640D	 357	-12.58	 -0.1997	448	524	1	77
BnaA01LNG0005300	 524	BnaA01g29670D	 192	-10.16	 -0.1411	421	524	1	104
BnaA01LNG0005600	 697	BnaA01g31780D	 144	-14.65	 -0.1592	378	521	1	144
BnaA01LNG0005800	 731	BnaA01g32320D	 447	-11.33	 -0.1273	599	731	1	133
BnaA01LNG0005900	 513	BnaA01g32730D	 573	-10.70	 -0.1029	1	115	459	573
BnaA01LNG0006000	 900	BnaA01g33180D	 87	-8.93	 -0.1051	412	498	1	87
BnaA01LNG0006600	 295	BnaA01g35610D	 315	-7.54	 -0.1508	245	295	1	51
BnaA01LNG0006600	 295	BnaA01g35620D	 180	-6.51	 -0.1252	1	74	107	180
BnaA01LNG0006600	 295	BnaA01g35630D	 288	-6.09	 -0.1087	226	295	1	70
BnaA01LNG0006600	 295	BnaA01g35690D	 315	-9.71	 -0.1295	218	295	1	78
BnaA01LNG0006600	 295	BnaA01g35700D	 63	-6.08	 -0.1147	1	63	1	63
BnaA02LNG0000600	 1677	BnaA02g08020D	 255	-19.33	 -0.1068	392	646	1	255
BnaA02LNG0000900	 305	BnaA02g08310D	 132	-4.86	 -0.6943	225	305	1	81
BnaA02LNG0001200	 2063	BnaA02g10150D	 1044	-16.57	 -0.1315	1	151	894	1044
BnaA02LNG0001900	 791	BnaA02g12490D	 1698	-15.81	 -0.1245	655	791	1	137
BnaA02LNG0001900	 791	BnaA02g12500D	 45	-9.41	 -0.4091	741	785	1	45
BnaA02LNG0002000	 1001	BnaA02g12500D	 45	-8.57	 -0.3174	700	744	1	45
BnaA02LNG0002100	 255	BnaA02g12620D	 3342	-19.74	 -0.1018	1	255	2968	3222
BnaA02LNG0002400	 417	BnaA02g14330D	 471	-16.62	 -0.1250	180	417	1	238
BnaA02LNG0002400	 417	BnaA02g14340D	 726	-16.62	 -0.1250	204	417	1	214
BnaA02LNG0002400	 417	BnaA02g14380D	 36	-6.91	 -0.3141	188	223	1	36
BnaA02LNG0002400	 417	BnaA02g14420D	 375	-6.82	 -0.1118	354	417	1	64
BnaA02LNG0002600	 997	BnaA02g15590D	 321	-13.81	 -0.1817	915	997	1	83
BnaA02LNG0002900	 691	BnaA02g16270D	 105	-8.94	 -0.1104	382	486	1	105
BnaA02LNG0003200	 384	BnaA02g17780D	 294	-10.00	 -0.1429	305	384	1	80
BnaA02LNG0003200	 384	BnaA02g17800D	 183	-12.06	 -0.1171	1	146	38	183
BnaA02LNG0003400	 1279	BnaA02g19280D	 417	-25.65	 -0.1106	1037	1279	1	243
BnaA02LNG0003400	 1279	BnaA02g19380D	 180	-14.54	 -0.1163	1124	1279	1	156
BnaA02LNG0003400	 1279	BnaA02g19430D	 204	-18.27	 -0.1062	140	343	1	204
BnaA02LNG0003500	 211	BnaA02g20150D	 39	-4.83	 -0.2683	93	131	1	39
BnaA02LNG0003600	 380	BnaA02g20150D	 39	-3.12	 -0.2836	1	39	1	39
BnaA02LNG0003600	 380	BnaA02g20250D	 471	-6.69	 -0.7433	1	29	443	471
BnaA02LNG0003700	 363	BnaA02g20290D	 57	-6.08	 -0.1559	220	276	1	57
BnaA02LNG0003800	 802	BnaA02g20250D	 471	-20.35	 -0.1995	1	119	353	471
BnaA02LNG0003800	 802	BnaA02g20290D	 57	-6.79	 -0.2122	245	301	1	57
BnaA02LNG0003900	 1111	BnaA02g20290D	 57	-8.85	 -0.1967	350	406	1	57
BnaA02LNG0004300	 722	BnaA02g22510D	 171	-16.07	 -0.1108	223	393	1	171
BnaA02LNG0004400	 939	BnaA02g22740D	 48	-6.13	 -0.1977	654	701	1	48
BnaA02LNG0004500	 434	BnaA02g22740D	 48	-5.26	 -0.8767	1	7	42	48
BnaA02LNG0005000	 682	BnaA02g26720D	 33	-4.22	 -0.7033	181	213	1	33
BnaA02LNG0005100	 409	BnaA02g26720D	 33	-3.44	 -0.1638	18	50	1	33
BnaA02LNG0005200	 218	BnaA02g26720D	 33	-4.93	 -0.2143	100	132	1	33
BnaA02LNG0005200	 218	BnaA02g26730D	 3891	-9.30	 -0.1069	1	218	2261	2478
BnaA02LNG0005300	 513	BnaA02g28210D	 213	-7.88	 -0.2021	1	65	149	213
BnaA02LNG0005400	 500	BnaA02g28480D	 108	-10.08	 -0.1072	285	392	1	108
BnaA02LNG0005500	 301	BnaA02g28560D	 210	-14.65	 -0.1395	1	122	89	210
BnaA02LNG0005600	 2189	BnaA02g28630D	 123	-11.31	 -0.1047	1160	1282	1	123
BnaA02LNG0005900	 374	BnaA02g31990D	 420	-10.65	 -0.1145	255	374	1	120
BnaA02LNG0006000	 756	BnaA02g32680D	 75	-7.17	 -0.1707	353	427	1	75
BnaA02LNG0006100	 791	BnaA02g33950D	 93	-5.90	 -0.1788	89	181	1	93
BnaA02LNG0006300	 515	BnaA02g35790D	 285	-6.41	 -0.1885	435	515	1	81
BnaA02LNG0006300	 515	BnaA02g35800D	 66	-6.59	 -0.1014	427	492	1	66
BnaA03LNG0000400	 486	BnaA03g07270D	 57	-5.78	 -0.1482	10	66	1	57
BnaA03LNG0000500	 408	BnaA03g07600D	 288	-11.64	 -0.1908	313	408	1	96
BnaA03LNG0000700	 727	BnaA03g11020D	 168	-14.11	 -0.1030	452	619	1	168
BnaA03LNG0000700	 727	BnaA03g11220D	 459	-410.93	 -0.9234	108	566	1	459
BnaA03LNG0000800	 801	BnaA03g11380D	 261	-13.10	 -0.2079	1	122	140	261
BnaA03LNG0000800	 801	BnaA03g11410D	 300	-19.44	 -0.1322	1	163	138	300
BnaA03LNG0000800	 801	BnaA03g11460D	 324	-14.15	 -0.1105	1	134	191	324
BnaA03LNG0000800	 801	BnaA03g11530D	 216	-15.61	 -0.1201	1	136	81	216
BnaA03LNG0000800	 801	BnaA03g11560D	 318	-14.68	 -0.1234	1	197	122	318
BnaA03LNG0000900	 1019	BnaA03g11740D	 51	-6.37	 -0.1820	441	491	1	51
BnaA03LNG0001000	 493	BnaA03g11740D	 51	-4.82	 -0.2191	115	165	1	51
BnaA03LNG0001100	 307	BnaA03g12170D	 261	-8.38	 -0.1581	1	66	196	261
BnaA03LNG0001200	 362	BnaA03g12060D	 411	-6.22	 -0.1352	286	362	1	77
BnaA03LNG0001200	 362	BnaA03g12070D	 492	-9.81	 -0.1291	283	362	1	80
BnaA03LNG0001500	 1422	BnaA03g13940D	 99	-11.24	 -0.1813	271	369	1	99
BnaA03LNG0001700	 1131	BnaA03g16840D	 93	-16.23	 -0.2164	133	225	1	93
BnaA03LNG0001700	 1131	BnaA03g16850D	 48	-8.66	 -0.7873	65	112	1	48
BnaA03LNG0001800	 753	BnaA03g16840D	 93	-11.23	 -0.1497	12	104	1	93
BnaA03LNG0001800	 753	BnaA03g16850D	 48	-4.78	 -0.1648	427	474	1	48
BnaA03LNG0001800	 753	BnaA03g16890D	 357	-13.66	 -0.1067	1	169	189	357
BnaA03LNG0002200	 2243	BnaA03g19430D	 246	-21.14	 -0.1174	1299	1544	1	246
BnaA03LNG0002300	 1375	BnaA03g20890D	 99	-11.80	 -0.1513	265	363	1	99
BnaA03LNG0002300	 1375	BnaA03g20970D	 69	-10.27	 -0.1771	943	1011	1	69
BnaA03LNG0002300	 1375	BnaA03g20980D	 249	-24.54	 -0.1072	955	1203	1	249
BnaA03LNG0002400	 1356	BnaA03g20970D	 69	-8.72	 -0.1478	147	215	1	69
BnaA03LNG0002400	 1356	BnaA03g20990D	 78	-8.85	 -0.3540	191	268	1	78
BnaA03LNG0002500	 1273	BnaA03g21150D	 78	-10.09	 -0.1577	409	486	1	78
BnaA03LNG0002600	 746	BnaA03g21990D	 789	-150.62	 -0.2342	100	746	1	647
BnaA03LNG0002800	 299	BnaA03g22220D	 33	-5.31	 -0.2414	171	203	1	33
BnaA03LNG0002900	 251	BnaA03g23430D	 1698	-14.45	 -0.1268	117	251	1	135
BnaA03LNG0003300	 318	BnaA03g24200D	 411	-6.42	 -0.1019	1	113	299	411
BnaA03LNG0003300	 318	BnaA03g24260D	 774	-9.86	 -0.2465	1	61	714	774
BnaA03LNG0003300	 318	BnaA03g24280D	 594	-11.48	 -0.1882	1	105	490	594
BnaA03LNG0003300	 318	BnaA03g24320D	 183	-11.46	 -0.1710	1	83	101	183
BnaA03LNG0003300	 318	BnaA03g24370D	 906	-9.40	 -0.1270	1	102	805	906
BnaA03LNG0003700	 227	BnaA03g26220D	 285	-15.07	 -0.1100	1	185	101	285
BnaA03LNG0003700	 227	BnaA03g26230D	 672	-12.92	 -0.1374	30	227	1	198
BnaA03LNG0003700	 227	BnaA03g26420D	 1506	-20.20	 -0.1063	1	227	262	488
BnaA03LNG0003800	 393	BnaA03g27280D	 810	-9.68	 -0.2305	297	393	1	97
BnaA03LNG0004000	 623	BnaA03g29590D	 105	-12.48	 -0.1371	80	184	1	105
BnaA03LNG0005100	 645	BnaA03g36100D	 213	-21.19	 -0.1109	264	476	1	213
BnaA03LNG0005100	 645	BnaA03g36280D	 111	-9.55	 -0.1110	339	449	1	111
BnaA03LNG0005500	 1339	BnaA03g38060D	 492	-19.03	 -0.1133	1153	1339	1	187
BnaA03LNG0005500	 1339	BnaA03g38080D	 396	-13.24	 -0.1261	1214	1339	1	126
BnaA03LNG0005500	 1339	BnaA03g38180D	 888	-10.71	 -0.1050	1207	1339	1	133
BnaA03LNG0005600	 203	BnaA03g38680D	 2034	-9.87	 -0.1898	1	66	1969	2034
BnaA03LNG0005600	 203	BnaA03g38710D	 312	-10.60	 -0.1309	1	146	167	312
BnaA03LNG0005700	 2323	BnaA03g38830D	 189	-14.55	 -0.1146	525	713	1	189
BnaA03LNG0005800	 339	BnaA03g40050D	 981	-10.97	 -0.1291	220	339	1	120
BnaA03LNG0005900	 522	BnaA03g40400D	 975	-8.88	 -0.1216	1	92	884	975
BnaA03LNG0006100	 379	BnaA03g41110D	 60	-9.69	 -0.2550	13	72	1	60
BnaA03LNG0006200	 479	BnaA03g41990D	 48	-5.45	 -0.1652	380	427	1	48
BnaA03LNG0006200	 479	BnaA03g42000D	 282	-7.35	 -0.1050	371	479	1	109
BnaA03LNG0007000	 1361	BnaA03g44760D	 105	-10.91	 -0.1732	450	554	1	105
BnaA03LNG0007000	 1361	BnaA03g44800D	 201	-13.61	 -0.1144	1	130	72	201
BnaA03LNG0007300	 1722	BnaA03g50260D	 36	-5.77	 -0.1990	866	901	1	36
BnaA03LNG0007400	 401	BnaA03g50440D	 75	-5.98	 -0.1533	188	262	1	75
BnaA03LNG0007500	 819	BnaA03g51250D	 93	-5.37	 -0.1167	478	570	1	93
BnaA03LNG0007600	 337	BnaA03g51980D	 783	-9.75	 -0.5132	308	337	1	30
BnaA03LNG0007600	 337	BnaA03g52140D	 1971	-8.11	 -0.3004	1	41	1931	1971
BnaA03LNG0007900	 1062	BnaA03g52300D	 126	-11.50	 -0.1198	533	658	1	126
BnaA03LNG0008000	 1224	BnaA03g52980D	 315	-17.30	 -0.1218	1	249	67	315
BnaA03LNG0008000	 1224	BnaA03g53000D	 354	-16.79	 -0.1217	1054	1224	1	171
BnaA03LNG0008300	 454	BnaA03g53650D	 183	-14.79	 -0.1232	333	454	1	122
BnaA03LNG0008300	 454	BnaA03g53660D	 576	-12.64	 -0.1345	357	454	1	98
BnaA03LNG0008400	 2832	BnaA03g54020D	 39	-6.83	 -0.3252	467	505	1	39
BnaA03LNG0008800	 505	BnaA03g54630D	 129	-9.02	 -0.1142	90	218	1	129
BnaA03LNG0008900	 3338	BnaA03g56210D	 126	-12.69	 -0.1103	2341	2466	1	126
BnaA03LNG0009200	 717	BnaA03g58550D	 207	-22.41	 -0.1245	234	440	1	207
BnaA03LNG0009900	 1055	BnaA03g59450D	 81	-9.06	 -0.1133	649	729	1	81
BnaA03LNG0010100	 553	BnaA03g59640D	 765	-7.28	 -0.2022	488	553	1	66
BnaA03LNG0010200	 3859	BnaA03g60070D	 264	-18.55	 -0.1048	2864	3127	1	264
BnaA03LNG0010200	 3859	BnaA03g60120D	 165	-16.16	 -0.1085	36	200	1	165
BnaA03LNG0010300	 992	BnaA03g60120D	 165	-12.67	 -0.1102	847	992	1	146
BnaA04LNG0000100	 410	BnaA04g02260D	 186	-11.25	 -0.1051	302	410	1	109
BnaA04LNG0000300	 2011	BnaA04g03170D	 48	-10.16	 -0.3175	222	269	1	48
BnaA04LNG0000900	 361	BnaA04g06010D	 63	-6.27	 -0.1280	73	135	1	63
BnaA04LNG0000900	 361	BnaA04g06030D	 321	-8.95	 -0.1029	1	121	201	321
BnaA04LNG0001000	 589	BnaA04g06310D	 189	-8.44	 -0.1017	484	589	1	106
BnaA04LNG0001100	 824	BnaA04g06430D	 54	-8.19	 -0.1861	756	809	1	54
BnaA04LNG0001100	 824	BnaA04g06470D	 36	-5.59	 -1.3975	799	824	1	26
BnaA04LNG0001200	 1207	BnaA04g06430D	 54	-6.82	 -0.2965	123	176	1	54
BnaA04LNG0001200	 1207	BnaA04g06470D	 36	-3.85	 -0.1604	46	81	1	36
BnaA04LNG0001500	 936	BnaA04g06730D	 51	-5.34	 -0.1483	623	673	1	51
BnaA04LNG0001700	 453	BnaA04g07100D	 225	-8.90	 -0.1435	373	453	1	81
BnaA04LNG0001800	 593	BnaA04g07150D	 66	-8.65	 -0.1696	62	127	1	66
BnaA04LNG0001900	 746	BnaA04g07860D	 153	-13.89	 -0.1037	532	684	1	153
BnaA04LNG0002300	 253	BnaA04g09210D	 63	-2.65	 -0.1019	174	236	1	63
BnaA04LNG0002300	 253	BnaA04g09280D	 114	-4.05	 -0.2025	77	190	1	114
BnaA04LNG0002800	 913	BnaA04g11620D	 99	-9.90	 -0.1394	668	766	1	99
BnaA04LNG0004200	 828	BnaA04g18410D	 54	-6.70	 -0.1457	177	230	1	54
BnaA04LNG0004300	 1473	BnaA04g19680D	 54	-6.64	 -0.2075	812	865	1	54
BnaA04LNG0004300	 1473	BnaA04g19730D	 99	-10.37	 -0.1646	1260	1358	1	99
BnaA04LNG0004300	 1473	BnaA04g20110D	 51	-7.96	 -0.1990	1262	1312	1	51
BnaA04LNG0004300	 1473	BnaA04g20260D	 258	-20.87	 -0.1153	953	1210	1	258
BnaA04LNG0004500	 691	BnaA04g20110D	 51	-4.79	 -0.1114	63	113	1	51
BnaA04LNG0004500	 691	BnaA04g20270D	 360	-10.80	 -0.1059	551	691	1	141
BnaA04LNG0004600	 2092	BnaA04g20480D	 207	-15.19	 -0.1151	1	160	48	207
BnaA04LNG0005000	 616	BnaA04g24940D	 258	-12.55	 -0.1012	472	616	1	145
BnaA04LNG0005100	 530	BnaA04g27410D	 765	-10.68	 -0.2180	445	530	1	86
BnaA04LNG0005100	 530	BnaA04g27430D	 519	-16.09	 -0.1562	397	530	1	134
BnaA04LNG0005300	 596	BnaA04g28090D	 54	-5.10	 -0.1133	173	226	1	54
BnaA04LNG0005400	 1560	BnaA04g28210D	 213	-19.02	 -0.1063	383	595	1	213
BnaA05LNG0000100	 240	BnaA05g00910D	 381	-7.23	 -0.1130	128	240	1	113
BnaA05LNG0000100	 240	BnaA05g01070D	 942	-6.33	 -0.2435	209	240	1	32
BnaA05LNG0000200	 1027	BnaA05g01850D	 162	-16.13	 -0.1047	365	526	1	162
BnaA05LNG0000300	 749	BnaA05g04360D	 117	-10.36	 -0.1248	663	749	1	87
BnaA05LNG0000500	 660	BnaA05g04400D	 654	-13.69	 -0.1369	526	660	1	135
BnaA05LNG0000600	 297	BnaA05g04620D	 60	-6.77	 -0.3563	1	54	7	60
BnaA05LNG0000600	 297	BnaA05g04630D	 273	-5.19	 -0.1104	1	70	204	273
BnaA05LNG0000600	 297	BnaA05g04670D	 786	-8.11	 -0.1267	1	80	707	786
BnaA05LNG0000600	 297	BnaA05g04700D	 396	-8.29	 -0.1049	1	93	304	396
BnaA05LNG0000600	 297	BnaA05g04810D	 843	-11.13	 -0.1504	1	89	755	843
BnaA05LNG0000800	 601	BnaA05g06390D	 501	-5.56	 -0.1917	562	601	1	40
BnaA05LNG0000800	 601	BnaA05g06420D	 846	-11.02	 -0.2161	521	601	1	81
BnaA05LNG0001100	 325	BnaA05g07680D	 267	-4.83	 -0.2013	1	53	215	267
BnaA05LNG0001100	 325	BnaA05g07750D	 564	-5.07	 -0.4609	1	46	519	564
BnaA05LNG0001100	 325	BnaA05g07830D	 1368	-7.84	 -0.1400	1	83	1286	1368
BnaA05LNG0001300	 212	BnaA05g08040D	 834	-13.24	 -0.1076	1	149	686	834
BnaA05LNG0001300	 212	BnaA05g08070D	 771	-11.10	 -0.1480	91	212	1	122
BnaA05LNG0001500	 3801	BnaA05g08330D	 63	-11.99	 -0.3331	3226	3288	1	63
BnaA05LNG0001800	 297	BnaA05g09320D	 465	-7.53	 -0.1982	1	66	400	465
BnaA05LNG0001800	 297	BnaA05g09330D	 1203	-12.44	 -0.1555	1	90	1114	1203
BnaA05LNG0001800	 297	BnaA05g09360D	 210	-5.13	 -0.1115	1	50	161	210
BnaA05LNG0001800	 297	BnaA05g09420D	 588	-4.05	 -0.6750	1	81	508	588
BnaA05LNG0001800	 297	BnaA05g09440D	 1572	-11.82	 -0.1055	1	120	1453	1572
BnaA05LNG0001900	 325	BnaA05g09360D	 210	-12.96	 -0.1728	215	325	1	111
BnaA05LNG0001900	 325	BnaA05g09420D	 588	-8.03	 -0.1912	251	325	1	75
BnaA05LNG0001900	 325	BnaA05g09430D	 804	-10.18	 -0.2909	263	325	1	63
BnaA05LNG0002000	 599	BnaA05g09490D	 120	-8.26	 -0.1132	57	176	1	120
BnaA05LNG0002100	 539	BnaA05g09520D	 384	-8.77	 -0.1032	448	539	1	92
BnaA05LNG0002100	 539	BnaA05g09570D	 1428	-9.15	 -0.9150	1	17	1412	1428
BnaA05LNG0002200	 2841	BnaA05g11280D	 216	-15.37	 -0.1130	602	817	1	216
BnaA05LNG0002500	 8416	BnaA05g12260D	 351	-31.72	 -0.1075	5873	6223	1	351
BnaA05LNG0002900	 385	BnaA05g15390D	 135	-7.80	 -0.2053	139	273	1	135
BnaA05LNG0003200	 349	BnaA05g15930D	 51	-5.01	 -0.2947	247	297	1	51
BnaA05LNG0003300	 488	BnaA05g15930D	 51	-5.91	 -0.1313	157	207	1	51
BnaA05LNG0003300	 488	BnaA05g15970D	 195	-13.64	 -0.1003	339	488	1	150
BnaA05LNG0004100	 332	BnaA05g17890D	 264	-10.48	 -0.1344	1	107	158	264
BnaA05LNG0004400	 3130	BnaA05g19060D	 174	-17.39	 -0.1073	1399	1572	1	174
BnaA05LNG0005300	 370	BnaA05g24390D	 570	-16.34	 -0.1176	1	176	395	570
BnaA05LNG0005400	 3381	BnaA05g25950D	 189	-17.14	 -0.1174	2437	2625	1	189
BnaA05LNG0005400	 3381	BnaA05g26030D	 174	-19.39	 -0.1375	2501	2674	1	174
BnaA05LNG0005400	 3381	BnaA05g26040D	 165	-18.75	 -0.1389	2531	2695	1	165
BnaA05LNG0005500	 2508	BnaA05g26340D	 75	-12.94	 -0.2121	568	642	1	75
BnaA05LNG0005800	 506	BnaA05g33100D	 288	-13.36	 -0.1012	366	506	1	141
BnaA05LNG0006500	 1336	BnaA05g35280D	 141	-7.97	 -0.1533	483	623	1	141
BnaA05LNG0006600	 1199	BnaA05g35520D	 153	-12.01	 -0.1035	61	213	1	153
BnaA05LNG0006700	 578	BnaA05g35610D	 1311	-24.67	 -0.1326	1	214	1098	1311
BnaA05LNG0006700	 578	BnaA05g35720D	 45	-6.30	 -1.2600	424	468	1	45
BnaA05LNG0006800	 654	BnaA05g35840D	 39	-5.16	 -0.1720	36	74	1	39
BnaA05LNG0006800	 654	BnaA05g35840D	 39	-5.16	 -0.1720	36	74	1	39
BnaA05LNG0006800	 654	BnaA05g35850D	 618	-16.93	 -0.1254	1	219	400	618
BnaA05LNG0006800	 654	BnaA05g35850D	 618	-16.93	 -0.1254	1	219	400	618
BnaA05LNG0006800	 654	BnaA05g35910D	 54	-11.92	 -0.2292	400	453	1	54
BnaA05LNG0006800	 654	BnaA05g35910D	 54	-11.92	 -0.2292	400	453	1	54
BnaA05LNG0006800	 654	BnaA05g35990D	 150	-12.61	 -0.1136	453	602	1	150
BnaA06LNG0000500	 381	BnaA06g01720D	 45	-5.00	 -0.8333	66	110	1	45
BnaA06LNG0000500	 381	BnaA06g01820D	 207	-12.80	 -0.1024	1	140	68	207
BnaA06LNG0000900	 536	BnaA06g07280D	 195	-11.05	 -0.1417	448	536	1	89
BnaA06LNG0001100	 1763	BnaA06g10070D	 225	-21.44	 -0.1051	1166	1390	1	225
BnaA06LNG0001400	 4924	BnaA06g12380D	 84	-11.57	 -0.1928	2199	2282	1	84
BnaA06LNG0001800	 1737	BnaA06g14060D	 84	-9.14	 -0.1451	386	469	1	84
BnaA06LNG0001900	 1301	BnaA06g14120D	 63	-9.72	 -0.1869	658	720	1	63
BnaA06LNG0001900	 1301	BnaA06g14170D	 159	-19.56	 -0.1304	699	857	1	159
BnaA06LNG0002000	 221	BnaA06g14650D	 504	-2.65	 -0.2208	1	21	484	504
BnaA06LNG0002000	 221	BnaA06g14660D	 609	-3.01	 -0.5017	1	23	587	609
BnaA06LNG0002000	 221	BnaA06g14700D	 327	-3.64	 -0.1348	163	221	1	59
BnaA06LNG0002100	 441	BnaA06g14830D	 267	-8.36	 -0.1007	309	441	1	133
BnaA06LNG0002400	 273	BnaA06g15230D	 168	-7.84	 -0.1742	1	64	105	168
BnaA06LNG0002500	 754	BnaA06g15120D	 1491	-6.92	 -0.3844	731	754	1	24
BnaA06LNG0002500	 754	BnaA06g15220D	 969	-7.27	 -0.1425	662	754	1	93
BnaA06LNG0002500	 754	BnaA06g15240D	 219	-7.59	 -0.2530	714	754	1	41
BnaA06LNG0002500	 754	BnaA06g15260D	 210	-11.16	 -0.3282	712	754	1	43
BnaA06LNG0002700	 903	BnaA06g16020D	 654	-4.81	 -0.1145	1	77	578	654
BnaA06LNG0002700	 903	BnaA06g16030D	 237	-5.45	 -0.1879	853	903	1	51
BnaA06LNG0002700	 903	BnaA06g16070D	 1269	-6.98	 -0.1994	1	67	1203	1269
BnaA06LNG0003000	 828	BnaA06g18190D	 135	-11.41	 -0.1297	472	606	1	135
BnaA06LNG0003200	 2079	BnaA06g18660D	 69	-8.77	 -0.1415	1806	1874	1	69
BnaA06LNG0003200	 2079	BnaA06g18690D	 132	-10.95	 -0.1422	821	952	1	132
BnaA06LNG0003700	 1012	BnaA06g19480D	 123	-9.62	 -0.2004	944	1012	1	69
BnaA06LNG0004000	 2684	BnaA06g20770D	 267	-20.81	 -0.1056	241	507	1	267
BnaA06LNG0004100	 206	BnaA06g20890D	 111	-8.25	 -0.1719	9	119	1	111
BnaA06LNG0004200	 225	BnaA06g21660D	 423	-4.15	 -0.2441	1	35	389	423
BnaA06LNG0004300	 317	BnaA06g21780D	 723	-5.08	 -0.1104	246	317	1	72
BnaA06LNG0004300	 317	BnaA06g21790D	 615	-7.82	 -0.1504	170	317	1	148
BnaA06LNG0004400	 1898	BnaA06g21830D	 198	-13.81	 -0.1161	1351	1548	1	198
BnaA06LNG0004500	 4173	BnaA06g22150D	 66	-9.72	 -0.2113	3837	3902	1	66
BnaA06LNG0004500	 4173	BnaA06g22190D	 135	-12.03	 -0.2270	3876	4010	1	135
BnaA06LNG0004600	 496	BnaA06g22190D	 135	-12.09	 -0.1209	246	380	1	135
BnaA06LNG0004600	 496	BnaA06g22210D	 54	-3.77	 -0.1047	232	285	1	54
BnaA06LNG0004800	 242	BnaA06g25750D	 81	-3.74	 -0.1496	210	242	1	33
BnaA06LNG0005000	 1765	BnaA06g26450D	 129	-13.28	 -0.1071	699	827	1	129
BnaA06LNG0005100	 1100	BnaA06g27340D	 258	-24.67	 -0.1092	481	738	1	258
BnaA06LNG0005100	 1100	BnaA06g27420D	 180	-17.23	 -0.1064	228	407	1	180
BnaA06LNG0005500	 4391	BnaA06g32770D	 138	-12.98	 -0.1352	3330	3467	1	138
BnaA06LNG0006200	 520	BnaA06g35440D	 378	-15.88	 -0.1527	374	520	1	147
BnaA06LNG0006500	 888	BnaA06g36510D	 411	-9.62	 -0.1013	1	114	298	411
BnaA06LNG0006800	 2234	BnaA06g38210D	 270	-27.53	 -0.1162	1358	1627	1	270
BnaA06LNG0006800	 2234	BnaA06g38250D	 339	-31.67	 -0.1002	1606	1944	1	339
BnaA06LNG0007300	 387	BnaA06g38720D	 813	-4.13	 -0.1116	1	51	763	813
BnaA06LNG0007400	 4154	BnaA06g38740D	 312	-26.49	 -0.1019	273	584	1	312
BnaA06LNG0007700	 3234	BnaA06g39600D	 90	-7.47	 -0.1867	232	321	1	90
BnaA06LNG0007700	 3234	BnaA06g39640D	 102	-11.06	 -0.1436	249	350	1	102
BnaA06LNG0007800	 751	BnaA06g39640D	 102	-9.82	 -0.1012	143	244	1	102
BnaA06LNG0007900	 606	BnaA06g39640D	 102	-11.79	 -0.1965	190	291	1	102
BnaA06LNG0008000	 881	BnaA06g39640D	 102	-9.51	 -0.1093	290	391	1	102
BnaA07LNG0000400	 350	BnaA07g01340D	 129	-10.98	 -0.1234	239	350	1	112
BnaA07LNG0000500	 624	BnaA07g01340D	 129	-6.68	 -0.1060	1	100	30	129
BnaA07LNG0000500	 624	BnaA07g01340D	 129	-6.68	 -0.1060	1	100	30	129
BnaA07LNG0000700	 744	BnaA07g01900D	 126	-10.94	 -0.1062	159	284	1	126
BnaA07LNG0000900	 3272	BnaA07g01900D	 126	-13.38	 -0.1174	2135	2260	1	126
BnaA07LNG0001000	 298	BnaA07g01900D	 126	-9.30	 -0.1257	218	298	1	81
BnaA07LNG0001300	 1833	BnaA07g02110D	 168	-18.74	 -0.1329	1300	1467	1	168
BnaA07LNG0001300	 1833	BnaA07g02140D	 327	-22.58	 -0.1107	1604	1833	1	230
BnaA07LNG0001700	 1489	BnaA07g02750D	 105	-11.39	 -0.1186	770	874	1	105
BnaA07LNG0001700	 1489	BnaA07g02770D	 210	-16.52	 -0.1046	252	461	1	210
BnaA07LNG0001800	 557	BnaA07g02850D	 105	-8.18	 -0.2921	500	557	1	58
BnaA07LNG0002000	 651	BnaA07g03230D	 54	-6.19	 -0.1673	439	492	1	54
BnaA07LNG0002300	 570	BnaA07g03980D	 336	-22.74	 -0.1015	1	234	103	336
BnaA07LNG0002400	 673	BnaA07g04470D	 231	-15.73	 -0.3025	1	93	139	231
BnaA07LNG0002800	 1985	BnaA07g05120D	 111	-11.01	 -0.1029	16	126	1	111
BnaA07LNG0003000	 417	BnaA07g06280D	 747	-9.35	 -0.1558	340	417	1	78
BnaA07LNG0003100	 2648	BnaA07g06470D	 120	-10.23	 -0.1066	261	380	1	120
BnaA07LNG0003100	 2648	BnaA07g06480D	 45	-5.55	 -0.1423	1767	1811	1	45
BnaA07LNG0003400	 580	BnaA07g07860D	 135	-6.65	 -0.3912	552	580	1	29
BnaA07LNG0003600	 559	BnaA07g12850D	 441	-10.28	 -0.1142	457	559	1	103
BnaA07LNG0003700	 1246	BnaA07g14190D	 270	-14.51	 -0.1143	1	162	109	270
BnaA07LNG0003800	 2575	BnaA07g15210D	 210	-15.69	 -0.1039	619	828	1	210
BnaA07LNG0003800	 2575	BnaA07g15240D	 111	-10.78	 -0.1382	131	241	1	111
BnaA07LNG0004200	 615	BnaA07g19090D	 612	-10.34	 -0.4308	1	29	584	612
BnaA07LNG0004300	 534	BnaA07g19800D	 657	-12.54	 -0.1011	399	534	1	136
BnaA07LNG0004600	 333	BnaA07g21840D	 267	-7.88	 -0.1313	231	333	1	103
BnaA07LNG0004600	 333	BnaA07g21880D	 861	-7.66	 -0.1596	1	74	788	861
BnaA07LNG0004600	 333	BnaA07g21890D	 321	-5.01	 -0.1728	295	333	1	39
BnaA07LNG0004600	 333	BnaA07g21940D	 1641	-7.60	 -0.1382	224	333	1	110
BnaA07LNG0004600	 333	BnaA07g22010D	 594	-5.09	 -1.2725	1	29	566	594
BnaA07LNG0004700	 475	BnaA07g22420D	 60	-5.73	 -0.1194	365	424	1	60
BnaA07LNG0004700	 475	BnaA07g22460D	 546	-13.80	 -0.1179	350	475	1	126
BnaA07LNG0004900	 389	BnaA07g22960D	 1614	-10.86	 -0.2526	1	73	1542	1614
BnaA07LNG0004900	 389	BnaA07g22970D	 348	-6.59	 -0.7322	1	189	160	348
BnaA07LNG0004900	 389	BnaA07g22980D	 1779	-7.20	 -0.1143	301	389	1	89
BnaA07LNG0004900	 389	BnaA07g23080D	 867	-11.37	 -0.2229	296	389	1	94
BnaA07LNG0004900	 389	BnaA07g23130D	 414	-9.63	 -0.1416	301	389	1	89
BnaA07LNG0005100	 1487	BnaA07g23820D	 108	-10.09	 -0.1121	522	629	1	108
BnaA07LNG0005100	 1487	BnaA07g23840D	 99	-8.15	 -0.1019	359	457	1	99
BnaA07LNG0005200	 1399	BnaA07g23820D	 108	-10.09	 -0.1121	434	541	1	108
BnaA07LNG0005200	 1399	BnaA07g23840D	 99	-8.15	 -0.1019	271	369	1	99
BnaA07LNG0005500	 326	BnaA07g24330D	 1044	-36.05	 -0.1123	1	326	400	725
BnaA07LNG0005600	 1538	BnaA07g24540D	 378	-16.33	 -0.1372	1	155	224	378
BnaA07LNG0005700	 1540	BnaA07g24610D	 135	-14.00	 -0.1443	565	699	1	135
BnaA07LNG0005800	 747	BnaA07g24610D	 135	-10.95	 -0.1074	454	588	1	135
BnaA07LNG0006000	 941	BnaA07g25870D	 672	-17.93	 -0.1074	764	941	1	178
BnaA07LNG0006200	 680	BnaA07g27080D	 855	-7.89	 -0.2466	579	680	1	102
BnaA07LNG0006200	 680	BnaA07g27110D	 429	-12.08	 -0.1184	509	680	1	172
BnaA07LNG0006500	 2539	BnaA07g27700D	 51	-7.21	 -0.2060	666	716	1	51
BnaA07LNG0006600	 2949	BnaA07g27700D	 51	-5.54	 -0.1385	1735	1785	1	51
BnaA07LNG0006800	 254	BnaA07g28150D	 258	-4.71	 -0.1177	165	254	1	90
BnaA07LNG0007100	 341	BnaA07g29360D	 93	-6.60	 -0.2870	302	341	1	40
BnaA07LNG0007400	 2606	BnaA07g33000D	 78	-9.12	 -0.2533	118	195	1	78
BnaA07LNG0007500	 350	BnaA07g32900D	 717	-7.33	 -0.1437	1	78	640	717
BnaA07LNG0007500	 350	BnaA07g32920D	 468	-7.46	 -0.1036	1	81	388	468
BnaA07LNG0007700	 1477	BnaA07g34760D	 237	-20.05	 -0.1055	37	273	1	237
BnaA07LNG0007800	 1440	BnaA07g35660D	 567	-32.59	 -0.1509	1	254	314	567
BnaA07LNG0007800	 1440	BnaA07g35720D	 132	-9.45	 -0.1167	251	382	1	132
BnaA07LNG0007800	 1440	BnaA07g35820D	 165	-16.63	 -0.1232	147	311	1	165
BnaA07LNG0007900	 271	BnaA07g36020D	 378	-4.19	 -0.1746	222	271	1	50
BnaA07LNG0008200	 841	BnaA07g37690D	 48	-7.10	 -0.2088	366	413	1	48
BnaA07LNG0008300	 1184	BnaA07g37690D	 48	-7.49	 -0.2675	716	763	1	48
BnaA07LNG0008500	 1077	BnaA07g38570D	 201	-16.62	 -0.1101	505	705	1	201
BnaA07LNG0008500	 1077	BnaA07g38580D	 210	-16.69	 -0.1105	505	714	1	210
BnaA07LNG0008500	 1077	BnaA07g38640D	 192	-15.89	 -0.1032	486	677	1	192
BnaA08LNG0000100	 1296	BnaA08g01040D	 156	-13.27	 -0.1340	577	732	1	156
BnaA08LNG0000700	 641	BnaA08g02710D	 456	-11.19	 -0.1230	1	99	358	456
BnaA08LNG0000800	 1188	BnaA08g03270D	 309	-6.02	 -0.1544	1144	1188	1	45
BnaA08LNG0000800	 1188	BnaA08g03290D	 1080	-12.81	 -0.1186	1	137	944	1080
BnaA08LNG0000900	 998	BnaA08g04390D	 372	-21.18	 -0.1054	784	998	1	215
BnaA08LNG0001200	 1495	BnaA08g04790D	 69	-10.24	 -0.2498	715	783	1	69
BnaA08LNG0001200	 1495	BnaA08g04830D	 75	-8.70	 -0.1381	1081	1155	1	75
BnaA08LNG0001300	 3247	BnaA08g05180D	 111	-9.98	 -0.1367	401	511	1	111
BnaA08LNG0001400	 229	BnaA08g05480D	 258	-7.56	 -0.1239	1	68	191	258
BnaA08LNG0001600	 1543	BnaA08g05790D	 150	-14.57	 -0.1235	938	1087	1	150
BnaA08LNG0001600	 1543	BnaA08g05800D	 96	-9.39	 -0.1067	1324	1419	1	96
BnaA08LNG0001800	 581	BnaA08g05990D	 2208	-18.06	 -0.1368	1	136	2073	2208
BnaA08LNG0002000	 1880	BnaA08g06850D	 111	-16.10	 -0.1695	311	421	1	111
BnaA08LNG0002300	 1572	BnaA08g07770D	 198	-14.34	 -0.1129	1443	1572	1	130
BnaA08LNG0002300	 1572	BnaA08g07820D	 174	-17.16	 -0.1079	1134	1307	1	174
BnaA08LNG0002300	 1572	BnaA08g07890D	 114	-11.32	 -0.1204	827	940	1	114
BnaA08LNG0002400	 1580	BnaA08g07810D	 225	-59.05	 -0.2672	111	335	1	225
BnaA08LNG0002400	 1580	BnaA08g07890D	 114	-16.12	 -0.1874	1266	1379	1	114
BnaA08LNG0002500	 241	BnaA08g08700D	 324	-15.53	 -0.1002	66	241	1	176
BnaA08LNG0002500	 241	BnaA08g08830D	 135	-9.47	 -0.1141	131	241	1	111
BnaA08LNG0002700	 590	BnaA08g09600D	 102	-8.44	 -0.1029	326	427	1	102
BnaA08LNG0002700	 590	BnaA08g09640D	 396	-475.82	 -237.9100	176	571	1	396
BnaA08LNG0002800	 1712	BnaA08g10210D	 306	-19.10	 -0.1374	1	168	139	306
BnaA08LNG0002800	 1712	BnaA08g10340D	 2166	-108.97	 -54.4850	1	93	2074	2166
BnaA08LNG0002900	 416	BnaA08g10970D	 324	-10.68	 -0.1008	1	122	203	324
BnaA08LNG0003000	 1331	BnaA08g12230D	 126	-12.70	 -0.1124	791	916	1	126
BnaA08LNG0003300	 449	BnaA08g14280D	 306	-7.56	 -0.1643	1	70	237	306
BnaA08LNG0003300	 449	BnaA08g14330D	 213	-8.05	 -0.3500	1	44	170	213
BnaA08LNG0003300	 449	BnaA08g14340D	 186	-8.64	 -0.4800	422	449	1	28
BnaA08LNG0003300	 449	BnaA08g14380D	 171	-7.33	 -0.1666	1	52	120	171
BnaA08LNG0003400	 1032	BnaA08g14380D	 171	-12.47	 -0.1006	466	636	1	171
BnaA08LNG0003400	 1032	BnaA08g14460D	 285	-15.56	 -0.1377	1	164	122	285
BnaA08LNG0003600	 411	BnaA08g15080D	 2400	-14.16	 -0.1049	1	170	2231	2400
BnaA08LNG0004100	 340	BnaA08g17250D	 183	-8.43	 -0.1258	180	340	1	161
BnaA08LNG0004400	 485	BnaA08g22400D	 1086	-8.46	 -0.1365	400	485	1	86
BnaA08LNG0004400	 485	BnaA08g22430D	 429	-7.81	 -0.1070	1	102	328	429
BnaA08LNG0004400	 485	BnaA08g22450D	 426	-7.81	 -0.1070	1	102	325	426
BnaA09LNG0000100	 2467	BnaA09g00210D	 255	-26.12	 -0.1075	696	950	1	255
BnaA09LNG0000100	 2467	BnaA09g00240D	 204	-173.67	 -5.2627	188	391	1	204
BnaA09LNG0000200	 520	BnaA09g02560D	 666	-8.16	 -0.1813	453	520	1	68
BnaA09LNG0000200	 520	BnaA09g02600D	 294	-7.06	 -0.2615	464	520	1	57
BnaA09LNG0000300	 682	BnaA09g03450D	 612	-93.01	 -1.8982	1	137	476	612
BnaA09LNG0000600	 1245	BnaA09g06430D	 108	-12.05	 -0.1401	599	706	1	108
BnaA09LNG0000700	 1055	BnaA09g07110D	 222	-15.58	 -0.1391	1	176	47	222
BnaA09LNG0000800	 454	BnaA09g06940D	 483	-20.51	 -0.1103	1	197	287	483
BnaA09LNG0000800	 454	BnaA09g07100D	 960	-19.31	 -0.1296	1	157	804	960
BnaA09LNG0001700	 569	BnaA09g12130D	 330	-4.35	 -0.1012	460	569	1	110
BnaA09LNG0001900	 1578	BnaA09g12690D	 99	-11.82	 -0.1424	1259	1357	1	99
BnaA09LNG0002000	 291	BnaA09g12720D	 711	-7.67	 -0.1096	204	291	1	88
BnaA09LNG0002500	 1439	BnaA09g13930D	 54	-8.29	 -0.1974	862	915	1	54
BnaA09LNG0002700	 332	BnaA09g15630D	 138	-6.51	 -3.2550	291	332	1	42
BnaA09LNG0003100	 427	BnaA09g16520D	 399	-11.38	 -0.1626	1	98	302	399
BnaA09LNG0003200	 426	BnaA09g17190D	 1245	-19.16	 -0.1025	211	426	1	216
BnaA09LNG0003600	 1733	BnaA09g18350D	 342	-23.43	 -0.1339	1	210	133	342
BnaA09LNG0003700	 221	BnaA09g18400D	 555	-8.17	 -0.1238	105	221	1	117
BnaA09LNG0003700	 221	BnaA09g18480D	 183	-8.44	 -0.2059	166	221	1	56
BnaA09LNG0003700	 221	BnaA09g18490D	 447	-6.56	 -0.1458	153	221	1	69
BnaA09LNG0003700	 221	BnaA09g18540D	 474	-7.86	 -0.6550	173	221	1	49
BnaA09LNG0003900	 349	BnaA09g18910D	 75	-10.81	 -0.2040	184	258	1	75
BnaA09LNG0004300	 795	BnaA09g20520D	 153	-13.83	 -0.1257	187	339	1	153
BnaA09LNG0004300	 795	BnaA09g20590D	 75	-6.37	 -0.1011	369	443	1	75
BnaA09LNG0004400	 748	BnaA09g21020D	 156	-17.68	 -0.1163	489	644	1	156
BnaA09LNG0004500	 323	BnaA09g21140D	 129	-7.66	 -0.1143	1	87	43	129
BnaA09LNG0004600	 482	BnaA09g21140D	 129	-10.64	 -0.1182	212	340	1	129
BnaA09LNG0005100	 1439	BnaA09g22220D	 228	-17.39	 -0.1054	1	186	43	228
BnaA09LNG0005500	 399	BnaA09g23570D	 141	-7.85	 -0.1106	1	73	69	141
BnaA09LNG0005500	 399	BnaA09g23610D	 540	-12.15	 -0.1519	279	399	1	121
BnaA09LNG0005700	 759	BnaA09g23950D	 105	-9.17	 -0.1118	295	399	1	105
BnaA09LNG0005900	 645	BnaA09g24120D	 1176	-12.98	 -0.2649	572	645	1	74
BnaA09LNG0005900	 645	BnaA09g24130D	 246	-17.73	 -0.1031	455	645	1	191
BnaA09LNG0006200	 417	BnaA09g25960D	 708	-18.46	 -0.1291	1	150	559	708
BnaA09LNG0006600	 485	BnaA09g26380D	 783	-9.58	 -0.1261	1	135	649	783
BnaA09LNG0006900	 303	BnaA09g27590D	 45	-4.21	 -0.1002	225	269	1	45
BnaA09LNG0007300	 1446	BnaA09g29280D	 204	-16.98	 -0.1125	181	384	1	204
BnaA09LNG0007500	 499	BnaA09g30690D	 114	-8.65	 -0.1573	426	499	1	74
BnaA09LNG0008200	 632	BnaA09g32930D	 87	-12.36	 -0.1873	512	598	1	87
BnaA09LNG0008200	 632	BnaA09g33000D	 291	-12.60	 -0.1135	1	168	124	291
BnaA09LNG0008200	 632	BnaA09g33050D	 261	-8.26	 -0.1424	545	632	1	88
BnaA09LNG0008300	 1142	BnaA09g33140D	 192	-13.41	 -0.1032	504	695	1	192
BnaA09LNG0008400	 595	BnaA09g33420D	 132	-12.58	 -0.1123	237	368	1	132
BnaA09LNG0008500	 645	BnaA09g35090D	 42	-7.77	 -0.2878	372	413	1	42
BnaA09LNG0008500	 645	BnaA09g35170D	 267	-24.35	 -0.1059	303	569	1	267
BnaA09LNG0008900	 848	BnaA09g37120D	 108	-11.58	 -0.1524	107	214	1	108
BnaA09LNG0008900	 848	BnaA09g37150D	 246	-13.82	 -0.1016	1	163	84	246
BnaA09LNG0009000	 208	BnaA09g38140D	 1221	-7.51	 -0.1173	132	208	1	77
BnaA09LNG0009000	 208	BnaA09g38220D	 1779	-7.99	 -0.2663	87	208	1	122
BnaA09LNG0009100	 1546	BnaA09g39500D	 333	-36.21	 -0.1240	741	1073	1	333
BnaA09LNG0009100	 1546	BnaA09g39550D	 360	-40.93	 -0.1180	915	1274	1	360
BnaA09LNG0009300	 1784	BnaA09g42600D	 81	-5.71	 -0.1586	897	977	1	81
BnaA09LNG0009400	 1776	BnaA09g42600D	 81	-11.65	 -0.2533	1484	1564	1	81
BnaA09LNG0009600	 1009	BnaA09g43310D	 36	-4.55	 -0.1422	143	178	1	36
BnaA09LNG0009800	 357	BnaA09g44090D	 204	-6.80	 -0.2519	310	357	1	48
BnaA09LNG0009900	 1370	BnaA09g44580D	 108	-10.71	 -0.1231	248	355	1	108
BnaA09LNG0010100	 474	BnaA09g45760D	 588	-9.09	 -0.1337	382	474	1	93
BnaA09LNG0010100	 474	BnaA09g45860D	 459	-13.21	 -0.1554	369	474	1	106
BnaA09LNG0010200	 3423	BnaA09g46800D	 1266	-14.33	 -0.1405	3278	3423	1	146
BnaA09LNG0010200	 3423	BnaA09g46920D	 105	-9.83	 -0.1092	2209	2313	1	105
BnaA09LNG0010200	 3423	BnaA09g46930D	 84	-8.42	 -0.1914	1067	1150	1	84
BnaA09LNG0010200	 3423	BnaA09g46940D	 90	-8.15	 -0.1087	1912	2001	1	90
BnaA09LNG0010400	 629	BnaA09g47710D	 96	-6.55	 -0.1213	81	176	1	96
BnaA09LNG0010600	 1413	BnaA09g49570D	 45	-7.25	 -0.2014	420	464	1	45
BnaA09LNG0010600	 1413	BnaA09g49580D	 84	-11.59	 -0.1811	449	532	1	84
BnaA09LNG0010600	 1413	BnaA09g49630D	 171	-15.50	 -0.1054	631	801	1	171
BnaA09LNG0010900	 1353	BnaA09g51360D	 1479	-7.81	 -0.1220	1	87	1393	1479
BnaA09LNG0010900	 1353	BnaA09g51380D	 213	-9.19	 -0.1459	1	95	119	213
BnaA09LNG0011100	 1280	BnaA09g53690D	 87	-8.17	 -0.1459	61	147	1	87
BnaA10LNG0000100	 1659	BnaA10g00020D	 222	-22.41	 -0.1109	976	1197	1	222
BnaA10LNG0000100	 1659	BnaA10g00080D	 267	-24.88	 -0.1111	971	1237	1	267
BnaA10LNG0000200	 1195	BnaA10g00900D	 159	-18.16	 -0.1355	456	614	1	159
BnaA10LNG0000300	 294	BnaA10g02700D	 558	-4.84	 -0.1936	1	65	494	558
BnaA10LNG0000300	 294	BnaA10g02840D	 72	-4.61	 -0.1590	225	294	1	70
BnaA10LNG0000400	 1983	BnaA10g04410D	 168	-16.04	 -0.1002	689	856	1	168
BnaA10LNG0000600	 469	BnaA10g05690D	 57	-6.14	 -0.5582	117	173	1	57
BnaA10LNG0000800	 360	BnaA10g07080D	 414	-6.29	 -0.1310	1	77	338	414
BnaA10LNG0001600	 3004	BnaA10g07690D	 186	-15.54	 -0.1050	2628	2813	1	186
BnaA10LNG0002100	 862	BnaA10g08250D	 81	-8.56	 -0.1157	256	336	1	81
BnaA10LNG0002200	 566	BnaA10g08270D	 450	-14.76	 -0.1004	1	200	251	450
BnaA10LNG0002500	 761	BnaA10g09060D	 96	-11.57	 -0.1701	327	422	1	96
BnaA10LNG0002900	 234	BnaA10g12820D	 393	-4.58	 -0.1174	173	234	1	62
BnaA10LNG0003200	 4531	BnaA10g18800D	 156	-16.05	 -0.1264	1104	1259	1	156
BnaA10LNG0003200	 4531	BnaA10g18840D	 105	-11.95	 -0.1271	297	401	1	105
BnaA10LNG0004500	 484	BnaA10g28910D	 846	-17.03	 -0.1271	299	484	1	186
BnaA10LNG0004500	 484	BnaA10g28930D	 228	-11.76	 -0.1867	393	484	1	92
BnaA10LNG0004700	 434	BnaA10g30220D	 144	-5.36	 -0.1374	1	65	80	144
BnaAnnLNG0000200	 228	BnaAnng01260D	 807	-7.08	 -0.2723	1	66	742	807
BnaAnnLNG0000200	 228	BnaAnng01270D	 711	-7.67	 -0.4794	1	82	630	711
BnaAnnLNG0000200	 228	BnaAnng01360D	 240	-7.12	 -0.1695	1	69	172	240
BnaAnnLNG0000200	 228	BnaAnng01390D	 3291	-7.58	 -0.1083	1	119	3173	3291
BnaAnnLNG0000200	 228	BnaAnng01450D	 93	-7.57	 -0.1165	16	108	1	93
BnaAnnLNG0000200	 228	BnaAnng01470D	 243	-4.78	 -0.1086	1	119	125	243
BnaAnnLNG0000500	 3250	BnaAnng06070D	 120	-14.76	 -0.1272	235	354	1	120
BnaAnnLNG0000600	 2263	BnaAnng07510D	 327	-28.36	 -0.1020	538	864	1	327
BnaAnnLNG0000800	 3397	BnaAnng08640D	 78	-8.33	 -0.1096	1873	1950	1	78
BnaAnnLNG0000800	 3397	BnaAnng08740D	 432	-9.52	 -0.1641	1	60	373	432
BnaAnnLNG0001100	 5107	BnaAnng11200D	 135	-16.29	 -0.1662	3147	3281	1	135
BnaAnnLNG0001200	 862	BnaAnng11190D	 243	-18.71	 -0.1177	673	862	1	190
BnaAnnLNG0001900	 1904	BnaAnng16040D	 84	-9.23	 -0.1489	148	231	1	84
BnaAnnLNG0002200	 8709	BnaAnng18680D	 246	-25.72	 -0.1090	7809	8054	1	246
BnaAnnLNG0002500	 297	BnaAnng25170D	 192	-7.21	 -0.1060	1	102	91	192
BnaAnnLNG0002500	 297	BnaAnng25180D	 741	-5.18	 -0.1363	1	66	676	741
BnaAnnLNG0003000	 1512	BnaAnng28720D	 264	-13.00	 -0.1121	1	138	127	264
BnaAnnLNG0003200	 2289	BnaAnng30280D	 114	-9.06	 -0.1162	1132	1245	1	114
BnaAnnLNG0003300	 791	BnaAnng30580D	 207	-14.66	 -0.1357	681	791	1	111
BnaAnnLNG0004100	 1851	BnaAnng34900D	 96	-9.56	 -0.1195	995	1090	1	96
BnaAnnLNG0005100	 285	BnaAnng38120D	 306	-6.03	 -0.1630	235	285	1	51
BnaAnnLNG0005100	 285	BnaAnng38150D	 426	-7.39	 -0.1253	153	285	1	133
BnaAnnLNG0005100	 285	BnaAnng38170D	 240	-7.90	 -0.1082	185	285	1	101
BnaAnnLNG0005100	 285	BnaAnng38180D	 111	-9.36	 -0.1088	174	284	1	111
BnaAnnLNG0005100	 285	BnaAnng38190D	 210	-9.03	 -0.1003	1	121	90	210
BnaAnnLNG0005400	 565	BnaAnng39320D	 921	-16.81	 -0.1044	1	185	737	921
BnaAnnLNG0005700	 1462	BnaAnng40750D	 228	-23.32	 -0.1172	378	605	1	228
BnaAnnLNG0006000	 1371	BnaAnng41860D	 81	-7.45	 -0.1096	854	934	1	81
BnaAnnLNG0006000	 1371	BnaAnng41950D	 93	-9.18	 -0.1162	820	912	1	93
BnaC01LNG0000100	 609	BnaC01g00850D	 69	-8.60	 -0.1410	87	155	1	69
BnaC01LNG0000200	 549	BnaC01g01190D	 309	-11.58	 -0.1158	417	549	1	133
BnaC01LNG0000400	 782	BnaC01g01910D	 774	-10.40	 -0.1224	682	782	1	101
BnaC01LNG0000400	 782	BnaC01g02030D	 84	-8.07	 -0.1261	411	494	1	84
BnaC01LNG0000500	 759	BnaC01g02820D	 60	-7.18	 -0.1305	412	471	1	60
BnaC01LNG0000900	 1181	BnaC01g08390D	 72	-9.33	 -0.1555	498	569	1	72
BnaC01LNG0001000	 302	BnaC01g09130D	 402	-8.61	 -0.1001	194	302	1	109
BnaC01LNG0001000	 302	BnaC01g09140D	 177	-7.62	 -0.1954	1	54	124	177
BnaC01LNG0001100	 530	BnaC01g10690D	 114	-9.00	 -0.1169	374	487	1	114
BnaC01LNG0001300	 901	BnaC01g12490D	 207	-16.64	 -0.1172	1	165	43	207
BnaC01LNG0001700	 5668	BnaC01g14470D	 6498	-73.27	 -0.1673	1	446	6053	6498
BnaC01LNG0001700	 5668	BnaC01g14480D	 774	-127.72	 -0.1670	452	1225	1	774
BnaC01LNG0001700	 5668	BnaC01g14490D	 150	-17.43	 -0.1570	236	385	1	150
BnaC01LNG0001700	 5668	BnaC01g14510D	 156	-103.18	 -0.7215	452	607	1	156
BnaC01LNG0001700	 5668	BnaC01g14530D	 774	-138.22	 -0.1807	452	1225	1	774
BnaC01LNG0001800	 2418	BnaC01g14500D	 168	-14.71	 -0.1090	1884	2051	1	168
BnaC01LNG0001800	 2418	BnaC01g14550D	 132	-11.56	 -0.1070	2094	2225	1	132
BnaC01LNG0001800	 2418	BnaC01g14560D	 123	-14.65	 -0.1369	2102	2224	1	123
BnaC01LNG0001900	 1164	BnaC01g15020D	 129	-12.26	 -0.1168	922	1050	1	129
BnaC01LNG0001900	 1164	BnaC01g15110D	 222	-20.45	 -0.1082	783	1004	1	222
BnaC01LNG0002000	 213	BnaC01g15040D	 531	-13.17	 -0.1317	99	213	1	115
BnaC01LNG0002000	 213	BnaC01g15070D	 570	-15.97	 -0.1288	1	194	377	570
BnaC01LNG0002000	 213	BnaC01g15130D	 156	-9.29	 -0.1119	1	113	44	156
BnaC01LNG0002200	 726	BnaC01g15220D	 924	-70.28	 -0.1849	1	409	516	924
BnaC01LNG0002200	 726	BnaC01g15230D	 1152	-66.00	 -0.1793	1	415	738	1152
BnaC01LNG0002200	 726	BnaC01g15330D	 915	-161.36	 -0.3965	1	418	498	915
BnaC01LNG0002300	 2663	BnaC01g15400D	 177	-23.42	 -0.1735	1633	1809	1	177
BnaC01LNG0002400	 1863	BnaC01g15580D	 87	-10.74	 -0.2026	371	457	1	87
BnaC01LNG0002400	 1863	BnaC01g15590D	 141	-13.07	 -0.1029	469	609	1	141
BnaC01LNG0002400	 1863	BnaC01g15600D	 165	-20.47	 -0.1651	1717	1863	1	147
BnaC01LNG0002700	 3325	BnaC01g16800D	 171	-16.11	 -0.1039	1222	1392	1	171
BnaC01LNG0002800	 731	BnaC01g17350D	 81	-8.68	 -0.1550	174	254	1	81
BnaC01LNG0003100	 643	BnaC01g19680D	 564	-14.96	 -0.1046	1	152	413	564
BnaC01LNG0003100	 643	BnaC01g19730D	 171	-15.71	 -0.1099	103	273	1	171
BnaC01LNG0003100	 643	BnaC01g19780D	 192	-14.63	 -0.1493	1	141	52	192
BnaC01LNG0003100	 643	BnaC01g19810D	 153	-9.26	 -0.1157	60	212	1	153
BnaC01LNG0003200	 411	BnaC01g19780D	 192	-16.72	 -0.1623	1	114	79	192
BnaC01LNG0003200	 411	BnaC01g19820D	 63	-7.74	 -0.9675	17	79	1	63
BnaC01LNG0003200	 411	BnaC01g19860D	 669	-22.84	 -0.1114	1	228	442	669
BnaC01LNG0003300	 1569	BnaC01g21130D	 258	-22.06	 -0.1554	1414	1569	1	156
BnaC01LNG0003300	 1569	BnaC01g21200D	 132	-12.71	 -0.1115	1288	1419	1	132
BnaC01LNG0003600	 690	BnaC01g22890D	 330	-24.51	 -0.1047	408	690	1	283
BnaC01LNG0003800	 315	BnaC01g23930D	 984	-14.59	 -0.1057	127	315	1	189
BnaC01LNG0003900	 232	BnaC01g24210D	 264	-15.36	 -0.1239	96	232	1	137
BnaC01LNG0003900	 232	BnaC01g24220D	 114	-10.63	 -0.1898	1	92	23	114
BnaC01LNG0003900	 232	BnaC01g24240D	 573	-16.83	 -0.2475	1	145	429	573
BnaC01LNG0004200	 202	BnaC01g25320D	 633	-20.43	 -0.1141	1	202	245	446
BnaC01LNG0004200	 202	BnaC01g25330D	 504	-19.65	 -0.1003	1	202	268	469
BnaC01LNG0004200	 202	BnaC01g25340D	 1104	-19.71	 -0.1071	1	202	419	620
BnaC01LNG0004200	 202	BnaC01g25350D	 234	-18.04	 -0.1179	36	202	1	167
BnaC01LNG0004500	 1727	BnaC01g25450D	 120	-10.80	 -0.1049	722	841	1	120
BnaC01LNG0004600	 1284	BnaC01g25500D	 174	-16.42	 -0.1181	320	493	1	174
BnaC01LNG0004900	 873	BnaC01g25870D	 153	-12.60	 -0.1326	709	861	1	153
BnaC01LNG0005200	 3889	BnaC01g26270D	 165	-15.42	 -0.1001	1284	1448	1	165
BnaC01LNG0005200	 3889	BnaC01g26280D	 78	-11.09	 -0.1818	1698	1775	1	78
BnaC01LNG0005300	 1018	BnaC01g26560D	 60	-6.92	 -0.1193	636	695	1	60
BnaC01LNG0005900	 320	BnaC01g28670D	 183	-7.72	 -0.1225	244	320	1	77
BnaC01LNG0006300	 4225	BnaC01g30690D	 228	-18.52	 -0.1165	3252	3479	1	228
BnaC01LNG0006300	 4225	BnaC01g30750D	 189	-21.40	 -0.1281	264	452	1	189
BnaC01LNG0006400	 413	BnaC01g31480D	 159	-5.40	 -0.1286	1	55	105	159
BnaC01LNG0006800	 550	BnaC01g32950D	 207	-13.23	 -0.1026	1	138	70	207
BnaC01LNG0007500	 391	BnaC01g41340D	 381	-23.80	 -0.1368	1	186	196	381
BnaC01LNG0007500	 391	BnaC01g41390D	 579	-22.10	 -0.1535	1	210	370	579
BnaC01LNG0007600	 1171	BnaC01g42550D	 39	-4.60	 -0.1704	693	731	1	39
BnaC01LNG0007700	 1042	BnaC01g42680D	 42	-5.74	 -0.2296	283	324	1	42
BnaC01LNG0007900	 1782	BnaC01g42940D	 51	-6.30	 -0.3316	227	277	1	51
BnaC01LNG0008200	 1297	BnaC01g43260D	 138	-12.03	 -0.1743	604	741	1	138
BnaC01LNG0008400	 657	BnaC01g43850D	 684	-10.31	 -0.1375	1	97	588	684
BnaC01LNG0008700	 545	BnaC01g44420D	 138	-14.19	 -0.1117	33	170	1	138
BnaC01LNG0008900	 1883	BnaC01g44470D	 144	-9.84	 -0.1131	556	699	1	144
BnaC02LNG0000100	 868	BnaC02g00580D	 450	-112.70	 -0.3555	314	763	1	450
BnaC02LNG0000200	 510	BnaC02g01220D	 69	-6.04	 -0.1184	109	177	1	69
BnaC02LNG0000300	 710	BnaC02g02130D	 168	-15.32	 -0.1118	433	600	1	168
BnaC02LNG0000600	 4328	BnaC02g08520D	 1026	-1.97	 -0.3940	4295	4328	1	34
BnaC02LNG0000600	 4328	BnaC02g08570D	 129	-9.62	 -0.1069	1579	1707	1	129
BnaC02LNG0000600	 4328	BnaC02g08610D	 1437	-5.22	 -0.1631	1	100	1338	1437
BnaC02LNG0000900	 3599	BnaC02g09950D	 111	-10.93	 -0.1242	1980	2090	1	111
BnaC02LNG0001000	 892	BnaC02g10320D	 63	-6.58	 -0.1430	58	120	1	63
BnaC02LNG0001200	 354	BnaC02g11130D	 258	-8.19	 -0.9100	1	87	172	258
BnaC02LNG0001200	 354	BnaC02g11160D	 282	-6.70	 -0.2481	1	32	251	282
BnaC02LNG0001200	 354	BnaC02g11180D	 420	-6.20	 -0.1409	1	56	365	420
BnaC02LNG0001300	 7637	BnaC02g11730D	 63	-9.90	 -0.1800	1873	1935	1	63
BnaC02LNG0002000	 3681	BnaC02g14360D	 75	-7.75	 -0.1520	1226	1300	1	75
BnaC02LNG0002000	 3681	BnaC02g14390D	 63	-8.04	 -0.1748	316	378	1	63
BnaC02LNG0002300	 431	BnaC02g16240D	 1488	-14.91	 -0.2225	1	107	1382	1488
BnaC02LNG0002300	 431	BnaC02g16280D	 153	-21.40	 -0.1945	19	171	1	153
BnaC02LNG0002300	 431	BnaC02g16290D	 747	-13.36	 -0.1691	1	108	640	747
BnaC02LNG0002300	 431	BnaC02g16300D	 1068	-12.41	 -0.1098	1	159	910	1068
BnaC02LNG0002500	 886	BnaC02g16990D	 126	-13.27	 -0.1185	320	445	1	126
BnaC02LNG0002600	 664	BnaC02g17510D	 192	-18.78	 -0.1004	86	277	1	192
BnaC02LNG0003100	 779	BnaC02g18550D	 297	-17.45	 -0.1616	627	779	1	153
BnaC02LNG0003600	 521	BnaC02g19480D	 123	-8.55	 -0.1043	19	141	1	123
BnaC02LNG0003800	 832	BnaC02g19730D	 63	-7.28	 -0.2510	586	648	1	63
BnaC02LNG0004300	 2979	BnaC02g21730D	 159	-12.44	 -0.1352	1987	2145	1	159
BnaC02LNG0004400	 3456	BnaC02g21730D	 159	-12.44	 -0.1352	1952	2110	1	159
BnaC02LNG0004400	 3456	BnaC02g21790D	 135	-14.28	 -0.1180	3027	3161	1	135
BnaC02LNG0004500	 5043	BnaC02g21730D	 159	-12.44	 -0.1352	1848	2006	1	159
BnaC02LNG0004500	 5043	BnaC02g21790D	 135	-14.28	 -0.1180	2923	3057	1	135
BnaC02LNG0004600	 550	BnaC02g23260D	 597	-8.44	 -0.2558	1	37	561	597
BnaC02LNG0004600	 550	BnaC02g23290D	 504	-5.99	 -0.1198	481	550	1	70
BnaC02LNG0004600	 550	BnaC02g23340D	 1044	-8.63	 -0.3319	1	45	1000	1044
BnaC02LNG0004600	 550	BnaC02g23370D	 363	-7.83	 -0.1506	1	103	261	363
BnaC02LNG0004600	 550	BnaC02g23400D	 243	-6.93	 -0.1474	486	550	1	65
BnaC02LNG0004700	 389	BnaC02g23490D	 63	-5.92	 -0.1039	55	117	1	63
BnaC02LNG0004800	 703	BnaC02g23830D	 162	-17.66	 -0.1348	498	659	1	162
BnaC02LNG0004900	 686	BnaC02g24110D	 1182	-10.87	 -0.1016	1	160	1023	1182
BnaC02LNG0005000	 774	BnaC02g24250D	 126	-11.68	 -0.1407	612	737	1	126
BnaC02LNG0005000	 774	BnaC02g24320D	 111	-13.20	 -0.1435	453	563	1	111
BnaC02LNG0005000	 774	BnaC02g24330D	 69	-15.29	 -0.2592	274	342	1	69
BnaC02LNG0005000	 774	BnaC02g24350D	 42	-4.72	 -0.1430	309	350	1	42
BnaC02LNG0005100	 1154	BnaC02g24290D	 237	-20.62	 -0.1047	335	571	1	237
BnaC02LNG0005100	 1154	BnaC02g24320D	 111	-11.17	 -0.1573	631	741	1	111
BnaC02LNG0005100	 1154	BnaC02g24330D	 69	-11.09	 -0.1760	166	234	1	69
BnaC02LNG0005100	 1154	BnaC02g24350D	 42	-4.63	 -0.1597	1028	1069	1	42
BnaC02LNG0005200	 365	BnaC02g24300D	 423	-6.05	 -0.2241	1	52	372	423
BnaC02LNG0005200	 365	BnaC02g24320D	 111	-5.00	 -0.3333	1	54	58	111
BnaC02LNG0005200	 365	BnaC02g24330D	 69	-7.34	 -0.6117	1	28	42	69
BnaC02LNG0005200	 365	BnaC02g24350D	 42	-4.02	 -0.1031	233	274	1	42
BnaC02LNG0005300	 401	BnaC02g25000D	 90	-8.09	 -0.1326	184	273	1	90
BnaC02LNG0005400	 1262	BnaC02g25580D	 81	-12.20	 -0.1794	814	894	1	81
BnaC02LNG0005400	 1262	BnaC02g25590D	 87	-9.68	 -0.1561	186	272	1	87
BnaC02LNG0005500	 3377	BnaC02g25580D	 81	-10.92	 -0.2229	1108	1188	1	81
BnaC02LNG0005500	 3377	BnaC02g25590D	 87	-14.55	 -0.1865	2006	2092	1	87
BnaC02LNG0006100	 1876	BnaC02g26840D	 186	-15.86	 -0.1017	1229	1414	1	186
BnaC02LNG0006200	 2597	BnaC02g27410D	 180	-16.40	 -0.1045	2413	2592	1	180
BnaC02LNG0006300	 1771	BnaC02g27600D	 54	-11.19	 -0.2284	1467	1520	1	54
BnaC02LNG0006900	 843	BnaC02g30270D	 1512	-20.10	 -0.1063	1	305	1208	1512
BnaC02LNG0007300	 1390	BnaC02g36950D	 333	-21.13	 -0.1031	1	277	57	333
BnaC02LNG0007500	 1139	BnaC02g40940D	 159	-17.31	 -0.1228	225	383	1	159
BnaC02LNG0007600	 970	BnaC02g43820D	 111	-13.76	 -0.1448	504	614	1	111
BnaC02LNG0007600	 970	BnaC02g43870D	 159	-17.22	 -0.1389	522	680	1	159
BnaC02LNG0007700	 946	BnaC02g45150D	 276	-3.95	 -0.1039	870	946	1	77
BnaC02LNG0007800	 249	BnaC02g45260D	 189	-4.96	 -0.1240	199	249	1	51
BnaC02LNG0008000	 3256	BnaC02g45860D	 129	-10.82	 -0.1304	658	786	1	129
BnaC02LNG0008100	 1170	BnaC02g45980D	 93	-7.91	 -0.1014	555	647	1	93
BnaC02LNG0008200	 3845	BnaC02g46310D	 150	-13.45	 -0.1019	2105	2254	1	150
BnaC02LNG0008200	 3845	BnaC02g46340D	 111	-9.21	 -0.1096	2497	2607	1	111
BnaC02LNG0008500	 1701	BnaC02g47240D	 183	-18.80	 -0.1393	1018	1200	1	183
BnaC02LNG0008600	 415	BnaC02g47310D	 831	-12.71	 -0.1210	274	415	1	142
BnaC02LNG0008900	 545	BnaC02g48220D	 78	-12.01	 -0.1601	144	221	1	78
BnaC03LNG0000100	 508	BnaC03g02790D	 78	-9.19	 -0.1242	272	349	1	78
BnaC03LNG0000100	 508	BnaC03g02820D	 57	-5.02	 -0.1195	447	503	1	57
BnaC03LNG0000200	 518	BnaC03g03130D	 1419	-6.77	 -0.2604	1	44	1376	1419
BnaC03LNG0000200	 518	BnaC03g03160D	 576	-10.26	 -0.1091	415	518	1	104
BnaC03LNG0001200	 644	BnaC03g15120D	 192	-11.42	 -0.1029	1	130	63	192
BnaC03LNG0001500	 599	BnaC03g15320D	 159	-18.20	 -0.1213	65	223	1	159
BnaC03LNG0001500	 599	BnaC03g15330D	 171	-17.04	 -0.1508	450	599	1	150
BnaC03LNG0001500	 599	BnaC03g15340D	 72	-7.72	 -0.1188	517	588	1	72
BnaC03LNG0002000	 1516	BnaC03g18180D	 42	-5.59	 -0.6211	1187	1228	1	42
BnaC03LNG0002100	 862	BnaC03g18370D	 93	-14.38	 -0.1692	638	730	1	93
BnaC03LNG0002100	 862	BnaC03g18380D	 231	-23.63	 -0.1176	368	598	1	231
BnaC03LNG0002200	 673	BnaC03g18760D	 999	-13.62	 -0.2671	597	673	1	77
BnaC03LNG0002300	 2074	BnaC03g19170D	 117	-12.82	 -0.1115	772	888	1	117
BnaC03LNG0002600	 1250	BnaC03g20370D	 105	-10.04	 -0.1434	513	617	1	105
BnaC03LNG0002600	 1250	BnaC03g20380D	 84	-9.56	 -0.1406	637	720	1	84
BnaC03LNG0002600	 1250	BnaC03g20430D	 162	-20.74	 -0.1595	408	569	1	162
BnaC03LNG0002700	 2248	BnaC03g20550D	 219	-22.07	 -0.1066	1236	1454	1	219
BnaC03LNG0002800	 2329	BnaC03g20670D	 579	-17.38	 -0.1080	2116	2329	1	214
BnaC03LNG0003400	 1188	BnaC03g22350D	 144	-16.14	 -0.1271	448	591	1	144
BnaC03LNG0003500	 2094	BnaC03g22350D	 144	-15.44	 -0.1276	1412	1555	1	144
BnaC03LNG0004100	 648	BnaC03g22800D	 318	-9.25	 -0.3700	616	648	1	33
BnaC03LNG0004300	 360	BnaC03g23130D	 450	-9.62	 -0.1132	1	89	362	450
BnaC03LNG0004400	 283	BnaC03g23230D	 288	-10.91	 -0.2797	232	283	1	52
BnaC03LNG0004500	 620	BnaC03g23320D	 897	-9.64	 -0.1268	521	620	1	100
BnaC03LNG0004700	 1943	BnaC03g23760D	 219	-30.40	 -0.1528	988	1206	1	219
BnaC03LNG0004800	 1362	BnaC03g23760D	 219	-30.40	 -0.1528	407	625	1	219
BnaC03LNG0005000	 1211	BnaC03g24030D	 153	-13.17	 -0.1219	301	453	1	153
BnaC03LNG0005100	 510	BnaC03g24030D	 153	-10.42	 -0.2541	1	60	94	153
BnaC03LNG0005400	 2523	BnaC03g26440D	 177	-14.87	 -0.1012	814	990	1	177
BnaC03LNG0005500	 502	BnaC03g27140D	 813	-17.08	 -0.1035	1	219	595	813
BnaC03LNG0005600	 1167	BnaC03g27980D	 75	-9.08	 -0.1441	1033	1107	1	75
BnaC03LNG0006100	 815	BnaC03g29570D	 87	-8.06	 -0.1075	607	693	1	87
BnaC03LNG0006200	 602	BnaC03g29650D	 207	-14.86	 -0.1117	1	143	65	207
BnaC03LNG0006600	 470	BnaC03g31030D	 51	-8.07	 -0.3362	120	170	1	51
BnaC03LNG0006700	 307	BnaC03g31180D	 384	-5.79	 -0.2517	1	58	327	384
BnaC03LNG0006700	 307	BnaC03g31290D	 363	-8.41	 -0.1529	1	86	278	363
BnaC03LNG0006700	 307	BnaC03g31300D	 36	-3.97	 -0.2481	1	29	8	36
BnaC03LNG0006700	 307	BnaC03g31310D	 60	-5.20	 -0.4000	146	205	1	60
BnaC03LNG0006900	 748	BnaC03g36770D	 639	-223.30	 -0.3561	46	684	1	639
BnaC03LNG0007200	 271	BnaC03g39140D	 216	-15.64	 -0.1057	77	271	1	195
BnaC03LNG0007300	 271	BnaC03g39300D	 810	-11.47	 -0.3700	210	271	1	62
BnaC03LNG0007300	 271	BnaC03g39310D	 1092	-12.30	 -0.2158	196	271	1	76
BnaC03LNG0007300	 271	BnaC03g39400D	 54	-6.79	 -0.2612	191	244	1	54
BnaC03LNG0007300	 271	BnaC03g39410D	 852	-12.13	 -0.2128	197	271	1	75
BnaC03LNG0007500	 365	BnaC03g40230D	 162	-7.04	 -0.1304	1	103	60	162
BnaC03LNG0007500	 365	BnaC03g40260D	 174	-10.28	 -0.1371	1	83	92	174
BnaC03LNG0007600	 639	BnaC03g40390D	 630	-14.91	 -0.1657	1	151	480	630
BnaC03LNG0007800	 1860	BnaC03g42860D	 126	-12.82	 -0.1364	1448	1573	1	126
BnaC03LNG0007900	 2469	BnaC03g43310D	 225	-22.73	 -0.1125	24	248	1	225
BnaC03LNG0007900	 2469	BnaC03g43330D	 360	-30.00	 -0.1068	1434	1793	1	360
BnaC03LNG0008000	 3884	BnaC03g43620D	 96	-9.49	 -0.1116	2445	2540	1	96
BnaC03LNG0008100	 767	BnaC03g43840D	 90	-7.64	 -0.1498	198	287	1	90
BnaC03LNG0008100	 767	BnaC03g43850D	 144	-14.36	 -0.1072	395	538	1	144
BnaC03LNG0008200	 3162	BnaC03g45790D	 153	-15.25	 -0.1121	1047	1199	1	153
BnaC03LNG0008400	 2571	BnaC03g45920D	 198	-16.08	 -0.1051	808	1005	1	198
BnaC03LNG0008700	 270	BnaC03g47100D	 1173	-7.12	 -0.4747	252	270	1	19
BnaC03LNG0008700	 270	BnaC03g47130D	 636	-10.39	 -0.2361	205	270	1	66
BnaC03LNG0009200	 1986	BnaC03g48130D	 447	-11.76	 -0.1589	1	104	344	447
BnaC03LNG0009400	 364	BnaC03g48690D	 63	-9.83	 -0.5782	291	353	1	63
BnaC03LNG0009400	 364	BnaC03g48740D	 156	-6.54	 -0.4671	274	364	1	91
BnaC03LNG0009500	 388	BnaC03g49050D	 201	-6.90	 -0.1917	339	388	1	50
BnaC03LNG0010000	 1111	BnaC03g50770D	 210	-13.63	 -0.1136	965	1111	1	147
BnaC03LNG0010000	 1111	BnaC03g50780D	 210	-13.63	 -0.1136	965	1111	1	147
BnaC03LNG0010100	 1107	BnaC03g51890D	 132	-8.62	 -0.1064	666	797	1	132
BnaC03LNG0010800	 2043	BnaC03g54130D	 126	-12.09	 -0.1174	1231	1356	1	126
BnaC03LNG0011000	 951	BnaC03g54350D	 246	-20.73	 -0.1481	1	150	97	246
BnaC03LNG0011000	 951	BnaC03g54370D	 117	-10.41	 -0.1132	164	280	1	117
BnaC03LNG0011800	 1214	BnaC03g58580D	 129	-13.71	 -0.1115	795	923	1	129
BnaC03LNG0012100	 1992	BnaC03g59810D	 183	-14.82	 -0.1215	1850	1992	1	143
BnaC03LNG0012400	 1522	BnaC03g61290D	 72	-6.76	 -0.2112	1333	1404	1	72
BnaC03LNG0012400	 1522	BnaC03g61320D	 63	-10.86	 -0.2935	613	675	1	63
BnaC03LNG0012400	 1522	BnaC03g61360D	 96	-11.99	 -0.1738	213	308	1	96
BnaC03LNG0012500	 1360	BnaC03g62590D	 63	-5.62	 -0.1703	4	66	1	63
BnaC03LNG0012700	 5235	BnaC03g63570D	 105	-9.81	 -0.1691	4456	4560	1	105
BnaC03LNG0012800	 309	BnaC03g63660D	 240	-13.06	 -0.1126	1	122	119	240
BnaC03LNG0013200	 690	BnaC03g66800D	 135	-7.99	 -0.8878	1	27	109	135
BnaC03LNG0013300	 4759	BnaC03g67020D	 192	-16.64	 -0.1206	2811	3002	1	192
BnaC03LNG0013300	 4759	BnaC03g67060D	 126	-12.91	 -0.1230	2814	2939	1	126
BnaC03LNG0013500	 703	BnaC03g67790D	 144	-10.08	 -0.1938	1	61	84	144
BnaC03LNG0013700	 278	BnaC03g68140D	 336	-8.83	 -0.1840	220	278	1	59
BnaC03LNG0013700	 278	BnaC03g68170D	 177	-5.60	 -0.1931	238	278	1	41
BnaC03LNG0013700	 278	BnaC03g68190D	 60	-3.58	 -0.2106	227	278	1	52
BnaC03LNG0013700	 278	BnaC03g68210D	 204	-8.14	 -0.1403	216	278	1	63
BnaC03LNG0014200	 517	BnaC03g69070D	 495	-10.58	 -0.1027	407	517	1	111
BnaC03LNG0014200	 517	BnaC03g69080D	 198	-9.00	 -0.2368	392	517	1	126
BnaC03LNG0014200	 517	BnaC03g69090D	 624	-9.76	 -0.1457	1	105	520	624
BnaC03LNG0014400	 628	BnaC03g69930D	 369	-13.14	 -0.1752	502	628	1	127
BnaC03LNG0014600	 6919	BnaC03g70200D	 54	-9.26	 -0.2437	2034	2087	1	54
BnaC03LNG0014600	 6919	BnaC03g70230D	 141	-15.70	 -0.1138	153	293	1	141
BnaC03LNG0014700	 1115	BnaC03g70830D	 522	-27.78	 -0.1089	1	307	216	522
BnaC03LNG0015000	 1921	BnaC03g72880D	 156	-12.55	 -0.1349	1276	1431	1	156
BnaC03LNG0015100	 2257	BnaC03g74250D	 93	-8.71	 -0.1131	669	761	1	93
BnaC04LNG0000200	 789	BnaC04g01550D	 162	-16.90	 -0.1070	218	379	1	162
BnaC04LNG0000500	 981	BnaC04g03800D	 186	-18.53	 -0.1035	264	449	1	186
BnaC04LNG0001100	 2456	BnaC04g10090D	 231	-18.59	 -0.1050	1962	2192	1	231
BnaC04LNG0001100	 2456	BnaC04g10130D	 306	-28.84	 -0.1049	2034	2339	1	306
BnaC04LNG0001400	 816	BnaC04g13720D	 87	-10.20	 -0.1325	320	406	1	87
BnaC04LNG0002100	 405	BnaC04g15310D	 1455	-10.18	 -0.1060	296	405	1	110
BnaC04LNG0002100	 405	BnaC04g15360D	 489	-10.21	 -0.2220	353	405	1	53
BnaC04LNG0002200	 885	BnaC04g15410D	 108	-14.34	 -0.1366	45	152	1	108
BnaC04LNG0002200	 885	BnaC04g15420D	 183	-11.29	 -0.1129	556	738	1	183
BnaC04LNG0002200	 885	BnaC04g15470D	 312	-21.14	 -0.1011	1	233	80	312
BnaC04LNG0002300	 422	BnaC04g15390D	 483	-6.56	 -0.1093	305	422	1	118
BnaC04LNG0002300	 422	BnaC04g15410D	 108	-5.85	 -0.2659	395	422	1	28
BnaC04LNG0002300	 422	BnaC04g15420D	 183	-4.78	 -0.5975	391	422	1	32
BnaC04LNG0002300	 422	BnaC04g15470D	 312	-13.13	 -0.1085	275	422	1	148
BnaC04LNG0002500	 237	BnaC04g16170D	 297	-5.60	 -0.1077	1	88	210	297
BnaC04LNG0003000	 1983	BnaC04g17470D	 243	-22.79	 -0.1225	447	689	1	243
BnaC04LNG0003200	 331	BnaC04g17490D	 87	-7.86	 -0.1191	110	196	1	87
BnaC04LNG0003400	 1034	BnaC04g18100D	 45	-7.63	 -0.1734	474	518	1	45
BnaC04LNG0003400	 1034	BnaC04g18120D	 192	-17.06	 -0.1101	811	1002	1	192
BnaC04LNG0003900	 1174	BnaC04g20140D	 156	-10.86	 -0.1015	600	755	1	156
BnaC04LNG0003900	 1174	BnaC04g20150D	 225	-21.57	 -0.1068	394	618	1	225
BnaC04LNG0004000	 1081	BnaC04g21450D	 93	-7.76	 -0.1158	155	247	1	93
BnaC04LNG0004100	 1379	BnaC04g22310D	 111	-11.67	 -0.1357	638	748	1	111
BnaC04LNG0004200	 294	BnaC04g23200D	 393	-4.67	 -0.2030	259	294	1	36
BnaC04LNG0004200	 294	BnaC04g23210D	 828	-7.72	 -0.2339	252	294	1	43
BnaC04LNG0004200	 294	BnaC04g23240D	 156	-5.25	 -0.2019	258	294	1	37
BnaC04LNG0004300	 1365	BnaC04g25000D	 177	-16.14	 -0.1323	1009	1185	1	177
BnaC04LNG0004800	 700	BnaC04g28040D	 2151	-8.39	 -0.1090	1	85	2067	2151
BnaC04LNG0005200	 286	BnaC04g30460D	 711	-7.46	 -0.1166	1	74	638	711
BnaC04LNG0005300	 1908	BnaC04g31540D	 114	-9.24	 -0.1320	523	636	1	114
BnaC04LNG0005300	 1908	BnaC04g31580D	 51	-9.10	 -0.2844	1466	1516	1	51
BnaC04LNG0005400	 902	BnaC04g32580D	 66	-7.89	 -0.2545	15	80	1	66
BnaC04LNG0005900	 796	BnaC04g34820D	 186	-17.67	 -0.1021	408	593	1	186
BnaC04LNG0005900	 796	BnaC04g34880D	 102	-14.39	 -0.1425	215	316	1	102
BnaC04LNG0006100	 1131	BnaC04g35370D	 39	-5.00	 -0.1562	932	970	1	39
BnaC04LNG0006200	 838	BnaC04g35420D	 258	-15.17	 -0.1068	1	170	89	258
BnaC04LNG0006200	 838	BnaC04g35500D	 4326	-20.74	 -0.1165	1	184	4143	4326
BnaC04LNG0006400	 380	BnaC04g36020D	 318	-17.56	 -0.1071	214	380	1	167
BnaC04LNG0006500	 1349	BnaC04g36060D	 363	-44.65	 -0.1254	334	696	1	363
BnaC04LNG0006600	 1500	BnaC04g38060D	 63	-10.07	 -0.1798	162	224	1	63
BnaC04LNG0006600	 1500	BnaC04g38110D	 102	-14.56	 -0.1941	390	491	1	102
BnaC04LNG0006800	 2756	BnaC04g40770D	 219	-18.88	 -0.1032	1426	1644	1	219
BnaC04LNG0006900	 299	BnaC04g40790D	 555	-7.93	 -0.6100	1	41	515	555
BnaC04LNG0006900	 299	BnaC04g40830D	 477	-5.60	 -0.1143	1	88	390	477
BnaC04LNG0007300	 455	BnaC04g42480D	 543	-7.30	 -0.2086	1	48	496	543
BnaC04LNG0007500	 1367	BnaC04g44620D	 552	-14.72	 -0.1074	1197	1367	1	171
BnaC04LNG0007500	 1367	BnaC04g44660D	 54	-5.72	 -0.1192	661	714	1	54
BnaC04LNG0007500	 1367	BnaC04g44740D	 78	-9.43	 -0.2143	653	730	1	78
BnaC04LNG0007600	 6608	BnaC04g45330D	 267	-18.97	 -0.1482	5966	6232	1	267
BnaC04LNG0007600	 6608	BnaC04g45470D	 378	-35.43	 -0.1045	3004	3381	1	378
BnaC04LNG0007800	 1727	BnaC04g46530D	 75	-12.62	 -0.1777	225	299	1	75
BnaC04LNG0008400	 1398	BnaC04g50220D	 93	-10.75	 -0.1250	818	910	1	93
BnaC04LNG0008600	 491	BnaC04g52470D	 417	-8.90	 -0.1099	386	491	1	106
BnaC04LNG0008600	 491	BnaC04g52630D	 1176	-5.59	 -0.3288	441	491	1	51
BnaC04LNG0009000	 563	BnaC04g53680D	 99	-8.20	 -0.1390	289	387	1	99
BnaC04LNG0009000	 563	BnaC04g53700D	 174	-8.88	 -0.1009	270	443	1	174
BnaC04LNG0009100	 1969	BnaC04g53790D	 87	-8.81	 -0.1074	106	192	1	87
BnaC04LNG0009100	 1969	BnaC04g53830D	 69	-13.95	 -0.2536	738	806	1	69
BnaC04LNG0009100	 1969	BnaC04g53840D	 93	-11.51	 -0.1918	750	842	1	93
BnaC04LNG0009200	 532	BnaC04g53940D	 186	-15.89	 -0.1039	365	532	1	168
BnaC04LNG0009500	 1146	BnaC04g55310D	 99	-10.29	 -0.1131	806	904	1	99
BnaC04LNG0009500	 1146	BnaC04g55330D	 135	-13.24	 -0.1034	710	844	1	135
BnaC04LNG0009500	 1146	BnaC04g55350D	 144	-15.21	 -0.1127	864	1007	1	144
BnaC04LNG0009600	 791	BnaC04g55970D	 114	-15.49	 -0.1534	401	514	1	114
BnaC04LNG0009600	 791	BnaC04g56000D	 99	-14.85	 -0.2092	117	215	1	99
BnaC05LNG0000400	 284	BnaC05g06150D	 1392	-11.85	 -0.1247	1	153	1240	1392
BnaC05LNG0000800	 556	BnaC05g09310D	 222	-9.73	 -0.1201	1	153	70	222
BnaC05LNG0001000	 1558	BnaC05g10730D	 255	-21.55	 -0.1072	560	814	1	255
BnaC05LNG0001200	 671	BnaC05g12560D	 144	-12.77	 -0.1130	395	538	1	144
BnaC05LNG0001200	 671	BnaC05g12570D	 63	-7.67	 -0.1826	61	123	1	63
BnaC05LNG0001600	 3621	BnaC05g16130D	 117	-16.85	 -0.1893	1545	1661	1	117
BnaC05LNG0001900	 399	BnaC05g17580D	 186	-18.22	 -0.1125	229	399	1	171
BnaC05LNG0002200	 942	BnaC05g17980D	 51	-6.80	 -0.3400	582	632	1	51
BnaC05LNG0002500	 2259	BnaC05g19670D	 72	-7.18	 -0.1140	394	465	1	72
BnaC05LNG0002500	 2259	BnaC05g19680D	 99	-12.04	 -0.2937	417	515	1	99
BnaC05LNG0002500	 2259	BnaC05g19730D	 135	-13.21	 -0.1321	1923	2057	1	135
BnaC05LNG0002600	 1631	BnaC05g19920D	 159	-15.83	 -0.1015	706	864	1	159
BnaC05LNG0002700	 627	BnaC05g20510D	 45	-7.70	 -0.3080	255	299	1	45
BnaC05LNG0002800	 1478	BnaC05g20790D	 147	-16.42	 -0.1335	1315	1461	1	147
BnaC05LNG0002900	 1164	BnaC05g20790D	 147	-15.29	 -0.1077	356	502	1	147
BnaC05LNG0003100	 1773	BnaC05g20900D	 282	-22.91	 -0.1005	719	1000	1	282
BnaC05LNG0003400	 884	BnaC05g21610D	 72	-8.87	 -0.1304	804	875	1	72
BnaC05LNG0003600	 740	BnaC05g22620D	 426	-9.20	 -0.1508	1	81	346	426
BnaC05LNG0003600	 740	BnaC05g22630D	 513	-10.01	 -0.1011	1	115	399	513
BnaC05LNG0003900	 217	BnaC05g23960D	 123	-14.95	 -0.1311	39	161	1	123
BnaC05LNG0003900	 217	BnaC05g23980D	 435	-13.99	 -0.1044	71	217	1	147
BnaC05LNG0004200	 714	BnaC05g24400D	 63	-7.07	 -0.1414	563	625	1	63
BnaC05LNG0004500	 1163	BnaC05g24710D	 285	-73.15	 -0.2631	71	355	1	285
BnaC05LNG0004800	 2849	BnaC05g25230D	 195	-17.81	 -0.1048	1103	1297	1	195
BnaC05LNG0005100	 1413	BnaC05g26460D	 120	-13.19	 -0.1736	1325	1413	1	89
BnaC05LNG0005200	 1269	BnaC05g26780D	 63	-7.85	 -0.4906	579	641	1	63
BnaC05LNG0005200	 1269	BnaC05g26800D	 156	-12.20	 -0.1017	406	561	1	156
BnaC05LNG0005300	 704	BnaC05g27140D	 264	-17.05	 -0.1722	505	704	1	200
BnaC05LNG0005400	 531	BnaC05g27430D	 78	-7.52	 -0.1016	457	531	1	75
BnaC05LNG0005400	 531	BnaC05g27470D	 33	-4.88	 -0.1743	106	138	1	33
BnaC05LNG0005500	 3599	BnaC05g27880D	 204	-23.95	 -0.1417	594	797	1	204
BnaC05LNG0005900	 1596	BnaC05g28790D	 126	-13.98	 -0.1118	887	1012	1	126
BnaC05LNG0006100	 2863	BnaC05g29200D	 90	-14.37	 -0.2113	306	395	1	90
BnaC05LNG0006200	 3833	BnaC05g30010D	 558	-113.11	 -0.2138	2801	3358	1	558
BnaC05LNG0006200	 3833	BnaC05g30040D	 114	-7.79	 -0.1082	168	281	1	114
BnaC05LNG0006300	 511	BnaC05g30180D	 1116	-16.68	 -0.1226	278	511	1	234
BnaC05LNG0006800	 609	BnaC05g32040D	 219	-16.75	 -0.1040	1	186	34	219
BnaC05LNG0006900	 7388	BnaC05g32540D	 96	-10.93	 -0.1366	5767	5862	1	96
BnaC05LNG0006900	 7388	BnaC05g32590D	 162	-18.52	 -0.1414	298	459	1	162
BnaC05LNG0006900	 7388	BnaC05g32610D	 162	-17.83	 -0.1361	298	459	1	162
BnaC05LNG0007300	 396	BnaC05g39090D	 324	-12.94	 -0.1540	1	127	198	324
BnaC05LNG0007400	 540	BnaC05g39230D	 93	-9.10	 -0.1400	467	540	1	74
BnaC05LNG0007400	 540	BnaC05g39270D	 231	-17.27	 -0.1298	45	275	1	231
BnaC05LNG0007700	 369	BnaC05g45600D	 105	-8.79	 -0.1113	16	120	1	105
BnaC05LNG0007700	 369	BnaC05g45660D	 102	-6.88	 -0.1811	1	98	5	102
BnaC05LNG0007800	 979	BnaC05g45660D	 102	-9.23	 -0.1591	519	620	1	102
BnaC05LNG0007800	 979	BnaC05g45730D	 168	-13.50	 -0.1063	127	294	1	168
BnaC05LNG0007900	 550	BnaC05g46460D	 144	-10.26	 -0.1299	103	246	1	144
BnaC05LNG0007900	 550	BnaC05g46510D	 720	-11.56	 -0.1014	394	550	1	157
BnaC05LNG0008200	 791	BnaC05g50480D	 312	-10.11	 -0.2407	713	791	1	79
BnaC05LNG0008200	 791	BnaC05g50490D	 81	-6.51	 -0.2411	229	309	1	81
BnaC05LNG0008200	 791	BnaC05g50500D	 222	-14.66	 -0.1383	681	791	1	111
BnaC05LNG0008200	 791	BnaC05g50530D	 258	-13.17	 -0.1126	660	791	1	132
BnaC05LNG0008300	 584	BnaC05g50540D	 1413	-12.90	 -0.1057	1	157	1257	1413
BnaC05LNG0008300	 584	BnaC05g50620D	 138	-11.60	 -0.1221	417	554	1	138
BnaC05LNG0008400	 7626	BnaC05g50620D	 138	-16.15	 -0.1442	963	1100	1	138
BnaC06LNG0000100	 1124	BnaC06g00830D	 186	-14.87	 -0.1085	708	893	1	186
BnaC06LNG0000400	 1264	BnaC06g03350D	 228	-10.31	 -0.1011	1122	1264	1	143
BnaC06LNG0000400	 1264	BnaC06g03370D	 51	-8.47	 -0.2289	1124	1174	1	51
BnaC06LNG0000500	 954	BnaC06g03600D	 186	-14.72	 -0.1008	406	591	1	186
BnaC06LNG0000600	 3850	BnaC06g03770D	 459	-20.42	 -0.1011	1	229	231	459
BnaC06LNG0001300	 665	BnaC06g05900D	 183	-15.05	 -0.1045	278	460	1	183
BnaC06LNG0001500	 662	BnaC06g06430D	 2052	-67.89	 -0.1502	202	662	1	461
BnaC06LNG0001600	 373	BnaC06g06910D	 66	-6.65	 -0.1385	219	284	1	66
BnaC06LNG0002200	 237	BnaC06g08170D	 186	-4.82	 -0.1377	157	237	1	81
BnaC06LNG0002500	 833	BnaC06g08750D	 69	-7.33	 -0.1593	618	686	1	69
BnaC06LNG0002700	 2730	BnaC06g12000D	 213	-21.82	 -0.1167	1140	1352	1	213
BnaC06LNG0002900	 846	BnaC06g12640D	 201	-21.73	 -0.1263	256	456	1	201
BnaC06LNG0003100	 576	BnaC06g13600D	 192	-12.43	 -0.1002	1	146	47	192
BnaC06LNG0003300	 602	BnaC06g14790D	 750	-14.77	 -0.1055	433	602	1	170
BnaC06LNG0003600	 770	BnaC06g16580D	 471	-10.02	 -0.7708	1	22	450	471
BnaC06LNG0003600	 770	BnaC06g16590D	 288	-13.04	 -0.2210	1	75	214	288
BnaC06LNG0003800	 1307	BnaC06g17140D	 1311	-11.20	 -0.2383	1217	1307	1	91
BnaC06LNG0003900	 1472	BnaC06g18390D	 105	-13.20	 -0.1535	122	226	1	105
BnaC06LNG0004100	 1548	BnaC06g18730D	 105	-24.71	 -0.2574	930	1034	1	105
BnaC06LNG0004200	 347	BnaC06g18710D	 1080	-7.20	 -0.2118	1	49	1032	1080
BnaC06LNG0004200	 347	BnaC06g18730D	 105	-13.56	 -0.1614	30	134	1	105
BnaC06LNG0004200	 347	BnaC06g18750D	 1707	-13.16	 -0.1605	1	157	1551	1707
BnaC06LNG0004400	 1832	BnaC06g19490D	 126	-11.75	 -0.1263	236	361	1	126
BnaC06LNG0004400	 1832	BnaC06g19520D	 180	-19.97	 -0.1196	1135	1314	1	180
BnaC06LNG0004700	 1412	BnaC06g20560D	 279	-26.73	 -0.1123	1043	1321	1	279
BnaC06LNG0004800	 663	BnaC06g20950D	 1146	-15.78	 -0.1304	538	663	1	126
BnaC06LNG0005200	 1842	BnaC06g24090D	 162	-12.77	 -0.1330	1492	1653	1	162
BnaC06LNG0005500	 1048	BnaC06g24990D	 87	-8.53	 -0.2031	229	315	1	87
BnaC06LNG0005800	 676	BnaC06g26420D	 54	-6.79	 -0.1787	541	594	1	54
BnaC06LNG0005900	 1506	BnaC06g26730D	 231	-17.94	 -0.1037	996	1226	1	231
BnaC06LNG0006000	 3688	BnaC06g26810D	 369	-26.44	 -0.1009	156	524	1	369
BnaC06LNG0006100	 625	BnaC06g26990D	 366	-17.02	 -0.1261	469	625	1	157
BnaC06LNG0006200	 533	BnaC06g27860D	 300	-6.53	 -0.1674	433	533	1	101
BnaC06LNG0006400	 4976	BnaC06g28310D	 153	-15.65	 -0.1057	3704	3856	1	153
BnaC06LNG0006500	 6997	BnaC06g29090D	 201	-18.92	 -0.1371	2433	2633	1	201
BnaC06LNG0006800	 439	BnaC06g30240D	 195	-9.24	 -0.1004	1	128	68	195
BnaC06LNG0006900	 3629	BnaC06g30950D	 75	-10.77	 -0.1889	432	506	1	75
BnaC06LNG0007000	 1011	BnaC06g30950D	 75	-6.09	 -0.1522	343	417	1	75
BnaC06LNG0007400	 387	BnaC06g33120D	 459	-10.37	 -0.1525	267	387	1	121
BnaC06LNG0007400	 387	BnaC06g33220D	 420	-14.79	 -0.2175	1	92	329	420
BnaC06LNG0007600	 580	BnaC06g35460D	 81	-7.25	 -0.1859	237	317	1	81
BnaC06LNG0007700	 1161	BnaC06g35460D	 81	-8.05	 -0.1059	971	1051	1	81
BnaC06LNG0007700	 1161	BnaC06g35520D	 117	-11.97	 -0.1515	754	870	1	117
BnaC06LNG0007800	 706	BnaC06g36430D	 63	-7.22	 -0.1951	170	232	1	63
BnaC06LNG0007800	 706	BnaC06g36510D	 138	-10.53	 -0.1423	317	454	1	138
BnaC06LNG0007900	 567	BnaC06g37100D	 1152	-23.05	 -0.1281	346	567	1	222
BnaC06LNG0007900	 567	BnaC06g37120D	 66	-9.96	 -0.1747	475	540	1	66
BnaC06LNG0008000	 1270	BnaC06g37220D	 39	-5.87	 -0.1834	7	45	1	39
BnaC06LNG0008100	 201	BnaC06g37520D	 66	-6.89	 -0.1862	38	103	1	66
BnaC06LNG0008100	 201	BnaC06g37530D	 1185	-15.97	 -0.1024	10	201	1	192
BnaC06LNG0008100	 201	BnaC06g37610D	 1113	-14.23	 -0.1196	1	201	117	317
BnaC06LNG0008500	 604	BnaC06g41310D	 273	-9.22	 -0.1197	1	106	168	273
BnaC06LNG0008700	 2147	BnaC06g42610D	 105	-10.75	 -0.1236	1026	1130	1	105
BnaC06LNG0008800	 3799	BnaC06g42610D	 105	-12.13	 -0.1225	2578	2682	1	105
BnaC06LNG0008900	 488	BnaC06g43560D	 387	-12.53	 -0.1528	1	96	292	387
BnaC07LNG0000100	 542	BnaC07g00190D	 45	-7.38	 -0.1716	349	393	1	45
BnaC07LNG0000700	 6904	BnaC07g03190D	 174	-20.78	 -0.1259	4110	4283	1	174
BnaC07LNG0000900	 2615	BnaC07g03350D	 123	-9.98	 -0.1134	1680	1802	1	123
BnaC07LNG0001400	 1451	BnaC07g04490D	 1365	-13.24	 -0.1365	1313	1451	1	139
BnaC07LNG0001900	 2005	BnaC07g05780D	 114	-12.39	 -0.1227	1488	1601	1	114
BnaC07LNG0002300	 213	BnaC07g06520D	 693	-6.16	 -0.1925	171	213	1	43
BnaC07LNG0002900	 2985	BnaC07g07980D	 1539	-248.36	 -0.1703	1	1480	60	1539
BnaC07LNG0003000	 417	BnaC07g08140D	 771	-5.10	 -0.1020	1	62	710	771
BnaC07LNG0003000	 417	BnaC07g08230D	 600	-10.35	 -0.1015	1	149	452	600
BnaC07LNG0003400	 7365	BnaC07g08980D	 78	-15.73	 -0.2497	3580	3657	1	78
BnaC07LNG0003500	 1304	BnaC07g10130D	 471	-20.02	 -0.1461	1	152	320	471
BnaC07LNG0003600	 337	BnaC07g10460D	 210	-10.72	 -0.1072	1	119	92	210
BnaC07LNG0003700	 259	BnaC07g10530D	 60	-5.21	 -0.1063	58	117	1	60
BnaC07LNG0003700	 259	BnaC07g10540D	 72	-5.63	 -0.1005	14	85	1	72
BnaC07LNG0003800	 1294	BnaC07g10530D	 60	-9.24	 -0.2009	669	728	1	60
BnaC07LNG0003800	 1294	BnaC07g10540D	 72	-7.36	 -0.1115	701	772	1	72
BnaC07LNG0003800	 1294	BnaC07g10570D	 123	-10.10	 -0.1135	1192	1294	1	103
BnaC07LNG0004000	 7866	BnaC07g12620D	 183	-17.56	 -0.1097	2634	2816	1	183
BnaC07LNG0004000	 7866	BnaC07g12630D	 105	-10.40	 -0.1600	4233	4337	1	105
BnaC07LNG0004100	 10938	BnaC07g14080D	 111	-10.48	 -0.1027	10016	10126	1	111
BnaC07LNG0004200	 1509	BnaC07g14910D	 180	-24.65	 -0.1433	562	741	1	180
BnaC07LNG0004400	 378	BnaC07g16260D	 135	-8.91	 -0.1036	247	378	1	132
BnaC07LNG0004500	 1102	BnaC07g19190D	 81	-6.00	 -0.1200	639	719	1	81
BnaC07LNG0004500	 1102	BnaC07g19220D	 159	-18.05	 -0.1236	642	800	1	159
BnaC07LNG0004800	 696	BnaC07g21080D	 81	-5.20	 -0.4000	653	696	1	44
BnaC07LNG0005300	 1240	BnaC07g25490D	 249	-18.30	 -0.1022	1	240	10	249
BnaC07LNG0005300	 1240	BnaC07g25670D	 150	-11.27	 -0.1186	392	541	1	150
BnaC07LNG0005400	 524	BnaC07g26750D	 417	-12.57	 -0.1496	1	119	299	417
BnaC07LNG0005600	 2938	BnaC07g29290D	 183	-17.16	 -0.1100	2704	2886	1	183
BnaC07LNG0005900	 628	BnaC07g30780D	 117	-8.17	 -0.1513	225	341	1	117
BnaC07LNG0006000	 652	BnaC07g31700D	 216	-20.61	 -0.1015	302	517	1	216
BnaC07LNG0006000	 652	BnaC07g31750D	 204	-12.86	 -0.1037	509	652	1	144
BnaC07LNG0006100	 936	BnaC07g33870D	 159	-12.17	 -0.1106	810	936	1	127
BnaC07LNG0006200	 799	BnaC07g34750D	 84	-10.40	 -0.1333	574	657	1	84
BnaC07LNG0006300	 219	BnaC07g35180D	 882	-8.60	 -0.1103	1	90	793	882
BnaC07LNG0007000	 236	BnaC07g36700D	 1050	-7.41	 -0.2058	1	46	1005	1050
BnaC07LNG0007100	 204	BnaC07g42130D	 300	-8.88	 -0.1216	1	111	190	300
BnaC07LNG0007100	 204	BnaC07g42270D	 273	-9.00	 -0.2143	141	204	1	64
BnaC07LNG0007200	 1547	BnaC07g42380D	 264	-24.17	 -0.1202	1060	1323	1	264
BnaC07LNG0007400	 662	BnaC07g43080D	 93	-7.06	 -0.1023	303	395	1	93
BnaC07LNG0007800	 1344	BnaC07g48240D	 108	-9.91	 -0.1194	540	647	1	108
BnaC07LNG0008000	 1075	BnaC07g48840D	 102	-13.30	 -0.1663	633	734	1	102
BnaC07LNG0008100	 1262	BnaC07g48840D	 102	-15.75	 -0.1898	712	813	1	102
BnaC07LNG0008300	 5844	BnaC07g49100D	 204	-21.09	 -0.1104	4309	4512	1	204
BnaC07LNG0008400	 926	BnaC07g49150D	 150	-7.40	 -0.1276	54	203	1	150
BnaC07LNG0008600	 1096	BnaC07g51060D	 111	-11.23	 -0.1080	211	321	1	111
BnaC08LNG0000200	 691	BnaC08g01440D	 225	-14.07	 -0.1066	1	144	82	225
BnaC08LNG0001000	 466	BnaC08g05740D	 219	-16.30	 -0.2329	1	101	119	219
BnaC08LNG0001000	 466	BnaC08g05750D	 159	-13.49	 -0.1106	168	326	1	159
BnaC08LNG0001200	 201	BnaC08g05810D	 273	-7.40	 -0.1088	79	201	1	123
BnaC08LNG0001200	 201	BnaC08g05880D	 198	-9.19	 -0.1081	1	103	96	198
BnaC08LNG0001200	 201	BnaC08g05920D	 810	-16.36	 -0.1022	1	201	188	388
BnaC08LNG0001600	 1089	BnaC08g06830D	 204	-20.04	 -0.1101	622	825	1	204
BnaC08LNG0001600	 1089	BnaC08g06920D	 135	-11.24	 -0.1499	639	773	1	135
BnaC08LNG0001800	 591	BnaC08g07720D	 42	-8.08	 -0.1971	343	384	1	42
BnaC08LNG0002000	 1567	BnaC08g08020D	 255	-24.84	 -0.1053	1230	1484	1	255
BnaC08LNG0002100	 554	BnaC08g08330D	 1830	-12.76	 -0.2363	1	64	1767	1830
BnaC08LNG0002200	 686	BnaC08g08640D	 75	-8.50	 -0.1232	451	525	1	75
BnaC08LNG0002300	 1584	BnaC08g08770D	 249	-18.76	 -0.1009	174	422	1	249
BnaC08LNG0002800	 206	BnaC08g09900D	 615	-12.58	 -0.1066	66	206	1	141
BnaC08LNG0002800	 206	BnaC08g09920D	 321	-14.42	 -0.1135	1	158	164	321
BnaC08LNG0002800	 206	BnaC08g09970D	 4431	-15.67	 -0.1004	1	206	1566	1771
BnaC08LNG0002800	 206	BnaC08g09980D	 330	-15.66	 -0.1398	1	114	217	330
BnaC08LNG0003200	 535	BnaC08g10490D	 285	-10.32	 -0.1122	424	535	1	112
BnaC08LNG0003300	 1217	BnaC08g10720D	 75	-12.93	 -0.2639	979	1053	1	75
BnaC08LNG0003400	 1479	BnaC08g11430D	 78	-11.35	 -0.2640	135	212	1	78
BnaC08LNG0003600	 2185	BnaC08g12480D	 153	-16.05	 -0.1155	1350	1502	1	153
BnaC08LNG0003700	 728	BnaC08g16130D	 108	-12.28	 -0.1216	148	255	1	108
BnaC08LNG0003800	 4259	BnaC08g17640D	 99	-15.11	 -0.3148	3741	3839	1	99
BnaC08LNG0004400	 3826	BnaC08g22190D	 111	-11.04	 -0.1187	3052	3162	1	111
BnaC08LNG0004500	 920	BnaC08g22440D	 246	-11.10	 -0.1018	799	920	1	122
BnaC08LNG0004600	 933	BnaC08g23930D	 192	-14.08	 -0.1083	243	434	1	192
BnaC08LNG0005100	 3922	BnaC08g31230D	 111	-13.23	 -0.1556	3139	3249	1	111
BnaC08LNG0005300	 1716	BnaC08g34450D	 105	-10.06	 -0.1027	715	819	1	105
BnaC08LNG0005500	 1379	BnaC08g34580D	 183	-17.23	 -0.1164	255	437	1	183
BnaC08LNG0005500	 1379	BnaC08g34610D	 249	-25.07	 -0.1053	267	515	1	249
BnaC08LNG0005500	 1379	BnaC08g34630D	 165	-21.13	 -0.1428	30	194	1	165
BnaC08LNG0005500	 1379	BnaC08g34680D	 228	-22.60	 -0.1345	510	737	1	228
BnaC08LNG0005500	 1379	BnaC08g34710D	 318	-31.80	 -0.1023	299	616	1	318
BnaC08LNG0005600	 879	BnaC08g34610D	 249	-26.36	 -0.1187	387	635	1	249
BnaC08LNG0005600	 879	BnaC08g34630D	 165	-16.53	 -0.1172	436	600	1	165
BnaC08LNG0005600	 879	BnaC08g34760D	 213	-21.56	 -0.1083	484	696	1	213
BnaC08LNG0005700	 219	BnaC08g35450D	 288	-5.82	 -0.1098	1	75	214	288
BnaC08LNG0005700	 219	BnaC08g35540D	 1077	-9.03	 -0.1612	1	75	1003	1077
BnaC08LNG0005700	 219	BnaC08g35560D	 351	-7.96	 -0.1244	1	110	242	351
BnaC08LNG0006100	 650	BnaC08g38120D	 207	-10.23	 -0.1066	545	650	1	106
BnaC08LNG0006100	 650	BnaC08g38170D	 39	-5.68	 -0.3156	25	63	1	39
BnaC08LNG0006200	 733	BnaC08g38780D	 207	-23.41	 -0.1482	385	591	1	207
BnaC08LNG0006200	 733	BnaC08g38820D	 1971	-47.85	 -0.1416	387	733	1	347
BnaC08LNG0006200	 733	BnaC08g38830D	 444	-43.95	 -0.1142	322	733	1	412
BnaC08LNG0006200	 733	BnaC08g38860D	 123	-12.97	 -0.1235	575	697	1	123
BnaC08LNG0006300	 260	BnaC08g39760D	 222	-2.92	 -0.1327	1	63	160	222
BnaC08LNG0006300	 260	BnaC08g39780D	 1455	-9.30	 -0.2268	1	65	1391	1455
BnaC08LNG0006600	 1013	BnaC08g44980D	 300	-9.15	 -0.1028	905	1013	1	109
BnaC08LNG0006700	 755	BnaC08g46560D	 57	-6.65	 -0.2293	67	123	1	57
BnaC08LNG0007000	 275	BnaC08g46920D	 357	-25.87	 -0.1011	1	275	9	283
BnaC08LNG0007400	 2689	BnaC08g47580D	 180	-17.73	 -0.1333	2397	2576	1	180
BnaC08LNG0007400	 2689	BnaC08g47590D	 216	-18.41	 -0.1096	2080	2295	1	216
BnaC08LNG0007500	 1917	BnaC08g47700D	 66	-9.78	 -0.3493	797	862	1	66
BnaC08LNG0007700	 1821	BnaC08g48480D	 225	-15.14	 -0.1147	577	801	1	225
BnaC09LNG0000100	 1101	BnaC09g00650D	 126	-13.84	 -0.1398	943	1068	1	126
BnaC09LNG0000300	 245	BnaC09g03530D	 1017	-13.31	 -0.1685	1	116	902	1017
BnaC09LNG0000300	 245	BnaC09g03550D	 654	-15.91	 -0.1082	1	194	461	654
BnaC09LNG0000300	 245	BnaC09g03720D	 846	-11.97	 -0.1032	1	134	713	846
BnaC09LNG0000300	 245	BnaC09g03750D	 522	-11.36	 -0.1696	124	245	1	122
BnaC09LNG0000500	 5336	BnaC09g04470D	 90	-8.96	 -0.1358	622	711	1	90
BnaC09LNG0000600	 244	BnaC09g04850D	 2211	-9.36	 -0.1835	1	95	2117	2211
BnaC09LNG0000700	 1099	BnaC09g05470D	 114	-10.14	 -0.1166	34	147	1	114
BnaC09LNG0000800	 731	BnaC09g06880D	 72	-5.13	 -0.1006	305	376	1	72
BnaC09LNG0001500	 364	BnaC09g09210D	 840	-8.73	 -0.1039	1	112	729	840
BnaC09LNG0001600	 232	BnaC09g09230D	 1590	-24.21	 -0.1105	1	232	513	744
BnaC09LNG0001600	 232	BnaC09g09260D	 693	-31.34	 -0.1888	1	232	73	304
BnaC09LNG0001600	 232	BnaC09g09370D	 1806	-26.26	 -0.1716	1	170	1637	1806
BnaC09LNG0001700	 505	BnaC09g09660D	 507	-9.17	 -0.1042	372	505	1	134
BnaC09LNG0002000	 555	BnaC09g11120D	 99	-14.66	 -0.1725	226	324	1	99
BnaC09LNG0002000	 555	BnaC09g11150D	 81	-12.11	 -0.1659	315	395	1	81
BnaC09LNG0002200	 257	BnaC09g12270D	 603	-9.16	 -0.4362	213	257	1	45
BnaC09LNG0002200	 257	BnaC09g12290D	 222	-10.56	 -0.1821	169	257	1	89
BnaC09LNG0002300	 266	BnaC09g12790D	 306	-9.66	 -0.1085	1	107	200	306
BnaC09LNG0002500	 1801	BnaC09g13200D	 141	-16.24	 -0.1657	1395	1535	1	141
BnaC09LNG0002500	 1801	BnaC09g13220D	 105	-11.78	 -0.1227	801	905	1	105
BnaC09LNG0002500	 1801	BnaC09g13270D	 198	-16.88	 -0.1156	1468	1665	1	198
BnaC09LNG0002700	 965	BnaC09g14190D	 57	-9.77	 -0.2714	465	521	1	57
BnaC09LNG0002800	 310	BnaC09g14190D	 57	-6.90	 -0.1568	218	274	1	57
BnaC09LNG0002900	 435	BnaC09g14420D	 942	-6.02	 -0.1544	349	435	1	87
BnaC09LNG0002900	 435	BnaC09g14430D	 762	-5.29	 -2.6450	1	26	737	762
BnaC09LNG0003100	 2820	BnaC09g14470D	 48	-6.60	 -0.1571	462	509	1	48
BnaC09LNG0003100	 2820	BnaC09g14520D	 81	-8.17	 -0.1151	2286	2366	1	81
BnaC09LNG0003200	 674	BnaC09g14470D	 48	-9.81	 -0.2393	281	328	1	48
BnaC09LNG0003200	 674	BnaC09g14520D	 81	-9.94	 -0.5522	645	674	1	30
BnaC09LNG0003500	 381	BnaC09g17680D	 90	-6.12	 -0.2040	1	68	23	90
BnaC09LNG0003600	 728	BnaC09g18130D	 63	-6.48	 -0.1178	621	683	1	63
BnaC09LNG0003700	 1146	BnaC09g18240D	 174	-16.46	 -0.1105	181	354	1	174
BnaC09LNG0004000	 413	BnaC09g18570D	 519	-20.62	 -0.1235	226	413	1	188
BnaC09LNG0004200	 280	BnaC09g18790D	 1155	-9.84	 -0.1668	205	280	1	76
BnaC09LNG0004300	 515	BnaC09g18830D	 237	-4.60	 -0.1394	1	52	186	237
BnaC09LNG0004400	 414	BnaC09g19540D	 846	-10.53	 -0.1483	328	414	1	87
BnaC09LNG0004700	 694	BnaC09g19850D	 126	-12.83	 -0.1043	443	568	1	126
BnaC09LNG0005200	 728	BnaC09g21240D	 57	-5.73	 -0.2729	90	146	1	57
BnaC09LNG0005300	 1246	BnaC09g21400D	 51	-5.00	 -0.3571	320	370	1	51
BnaC09LNG0005800	 1944	BnaC09g24690D	 39	-6.28	 -0.3694	650	688	1	39
BnaC09LNG0005900	 544	BnaC09g24690D	 39	-7.38	 -0.3355	110	148	1	39
BnaC09LNG0006000	 1378	BnaC09g24690D	 39	-5.88	 -0.1897	569	607	1	39
BnaC09LNG0006600	 247	BnaC09g26210D	 2154	-18.47	 -0.1162	1	247	1653	1899
BnaC09LNG0006600	 247	BnaC09g26270D	 135	-10.71	 -0.1190	26	160	1	135
BnaC09LNG0006700	 223	BnaC09g26380D	 222	-7.97	 -0.1049	1	78	145	222
BnaC09LNG0007000	 368	BnaC09g27020D	 498	-10.36	 -0.1138	1	109	390	498
BnaC09LNG0007100	 264	BnaC09g27120D	 87	-6.22	 -0.1131	94	180	1	87
BnaC09LNG0007300	 476	BnaC09g28140D	 195	-12.43	 -0.1636	1	157	39	195
BnaC09LNG0007300	 476	BnaC09g28180D	 1287	-24.35	 -0.1127	1	224	1064	1287
BnaC09LNG0007800	 581	BnaC09g31200D	 243	-20.40	 -0.1030	1	243	1	243
BnaC09LNG0007800	 581	BnaC09g31300D	 60	-5.48	 -0.1245	7	66	1	60
BnaC09LNG0008000	 476	BnaC09g32710D	 96	-9.06	 -0.1192	393	476	1	84
BnaC09LNG0008200	 3298	BnaC09g33000D	 51	-5.82	 -0.1238	547	597	1	51
BnaC09LNG0008500	 1062	BnaC09g34260D	 114	-9.10	 -0.1655	681	794	1	114
BnaC09LNG0008500	 1062	BnaC09g34330D	 48	-6.14	 -0.1806	628	675	1	48
BnaC09LNG0008600	 1696	BnaC09g34830D	 114	-7.01	 -0.1062	1381	1494	1	114
BnaC09LNG0008700	 807	BnaC09g35600D	 75	-9.51	 -0.1534	9	83	1	75
BnaC09LNG0008800	 487	BnaC09g36020D	 120	-8.33	 -0.1322	234	353	1	120
BnaC09LNG0008900	 1075	BnaC09g39130D	 93	-8.37	 -0.1033	841	933	1	93
BnaC09LNG0009100	 666	BnaC09g42530D	 150	-10.31	 -0.1172	1	143	8	150
BnaC09LNG0009100	 666	BnaC09g42540D	 288	-16.81	 -0.1057	1	179	110	288
BnaC09LNG0009200	 1427	BnaC09g47150D	 249	-16.13	 -0.1105	1	209	41	249
BnaC09LNG0009300	 1674	BnaC09g47760D	 279	-31.80	 -0.1233	1273	1551	1	279
BnaC09LNG0009800	 362	BnaC09g52150D	 48	-5.26	 -0.8767	1	30	19	48
BnaC09LNG0010200	 328	BnaC09g53460D	 219	-5.91	 -0.5910	297	328	1	32
BnaC09LNG0010200	 328	BnaC09g53470D	 468	-8.22	 -0.1111	1	80	389	468
BnaC09LNG0010300	 5296	BnaC09g54170D	 111	-12.88	 -0.1480	1123	1233	1	111
BnaC09LNG0010300	 5296	BnaC09g54210D	 1173	-875.63	 -0.7634	485	1657	1	1173
BnaC09LNG0010400	 1042	BnaC09g54640D	 105	-10.44	 -0.1491	851	955	1	105
BnaC09LNG0010400	 1042	BnaC09g54640D	 105	-10.44	 -0.1491	851	955	1	105
BnaC09LNG0010400	 1042	BnaC09g54690D	 1608	-108.26	 -0.3129	665	1042	1	378
BnaCnnLNG0000400	 430	BnaCnng04660D	 57	-5.49	 -0.4991	409	430	1	22
BnaCnnLNG0000500	 319	BnaCnng07190D	 201	-4.90	 -0.1581	287	319	1	33
BnaCnnLNG0001000	 848	BnaCnng09310D	 69	-7.38	 -0.1716	345	413	1	69
BnaCnnLNG0001500	 2033	BnaCnng12900D	 198	-17.88	 -0.1046	1648	1845	1	198
BnaCnnLNG0001500	 2033	BnaCnng12980D	 141	-18.95	 -0.1528	638	778	1	141
BnaCnnLNG0001600	 553	BnaCnng13290D	 66	-7.04	 -0.1637	119	184	1	66
BnaCnnLNG0002000	 1720	BnaCnng16080D	 66	-8.89	 -0.2694	1544	1609	1	66
BnaCnnLNG0002200	 953	BnaCnng19480D	 81	-9.36	 -0.1300	372	452	1	81
BnaCnnLNG0002300	 753	BnaCnng21120D	 102	-10.73	 -0.1394	95	196	1	102
BnaCnnLNG0002600	 268	BnaCnng22060D	 243	-2.89	 -0.2223	252	268	1	17
BnaCnnLNG0002800	 527	BnaCnng23640D	 396	-11.77	 -0.1100	407	527	1	121
BnaCnnLNG0002800	 527	BnaCnng23660D	 150	-16.45	 -0.1275	65	214	1	150
BnaCnnLNG0003400	 8129	BnaCnng26440D	 141	-13.73	 -0.1056	6943	7083	1	141
BnaCnnLNG0003500	 2641	BnaCnng26970D	 213	-16.82	 -0.1136	610	822	1	213
BnaCnnLNG0003500	 2641	BnaCnng26990D	 87	-9.57	 -0.1495	720	806	1	87
BnaCnnLNG0003500	 2641	BnaCnng27020D	 105	-11.05	 -0.1556	631	735	1	105
BnaCnnLNG0003800	 706	BnaCnng27450D	 312	-17.46	 -0.1196	560	706	1	147
BnaCnnLNG0003900	 2646	BnaCnng27740D	 159	-11.12	 -0.1039	1347	1505	1	159
BnaCnnLNG0004500	 308	BnaCnng31660D	 75	-8.13	 -0.1983	252	308	1	57
BnaCnnLNG0004800	 498	BnaCnng33570D	 423	-7.78	 -0.1179	1	84	340	423
BnaCnnLNG0004900	 2054	BnaCnng33670D	 219	-22.42	 -0.1099	860	1078	1	219
BnaCnnLNG0005100	 1307	BnaCnng34770D	 249	-20.44	 -0.1007	1078	1307	1	230
BnaCnnLNG0005100	 1307	BnaCnng34810D	 168	-13.54	 -0.1050	1162	1307	1	146
BnaCnnLNG0005300	 2180	BnaCnng34840D	 195	-16.45	 -0.1210	256	450	1	195
BnaCnnLNG0006000	 397	BnaCnng36640D	 210	-10.21	 -0.1086	264	397	1	134
BnaCnnLNG0006400	 339	BnaCnng38440D	 396	-11.05	 -0.1364	1	95	302	396
BnaCnnLNG0006600	 683	BnaCnng39250D	 183	-19.42	 -0.1439	324	506	1	183
BnaCnnLNG0006700	 498	BnaCnng39550D	 255	-10.09	 -0.2522	383	498	1	116
BnaCnnLNG0006700	 498	BnaCnng39620D	 351	-8.62	 -0.2155	1	154	198	351
BnaCnnLNG0006800	 256	BnaCnng40030D	 642	-7.77	 -0.1160	119	256	1	138
BnaCnnLNG0006800	 256	BnaCnng40060D	 237	-9.79	 -0.1125	120	256	1	137
BnaCnnLNG0007100	 503	BnaCnng41830D	 603	-13.75	 -0.1074	1	251	353	603
BnaCnnLNG0007300	 1263	BnaCnng43770D	 192	-21.19	 -0.1109	425	616	1	192
BnaCnnLNG0007500	 1403	BnaCnng43960D	 309	-30.85	 -0.1008	957	1265	1	309
BnaCnnLNG0007600	 1841	BnaCnng45800D	 75	-9.57	 -0.2518	1192	1266	1	75
BnaCnnLNG0008000	 593	BnaCnng47040D	 63	-6.69	 -0.1174	32	94	1	63
BnaCnnLNG0008100	 1121	BnaCnng47340D	 57	-7.68	 -0.1670	1039	1095	1	57
BnaCnnLNG0008200	 984	BnaCnng47810D	 93	-9.68	 -0.1291	612	704	1	93
BnaCnnLNG0008300	 1478	BnaCnng48190D	 204	-18.84	 -0.1041	636	839	1	204
BnaCnnLNG0008500	 910	BnaCnng48470D	 1464	-25.48	 -0.1027	1	253	1212	1464
BnaCnnLNG0008600	 601	BnaCnng48820D	 36	-4.56	 -0.1824	241	276	1	36
BnaCnnLNG0008900	 1344	BnaCnng50470D	 99	-11.95	 -0.1532	341	439	1	99
BnaCnnLNG0009400	 1613	BnaCnng52360D	 120	-7.74	 -0.1269	230	349	1	120
BnaCnnLNG0009400	 1613	BnaCnng52370D	 63	-7.58	 -0.1430	197	259	1	63
BnaCnnLNG0009700	 312	BnaCnng54040D	 1437	-10.65	 -0.1121	1	98	1340	1437
BnaCnnLNG0010000	 412	BnaCnng55490D	 45	-7.29	 -0.2804	39	83	1	45
BnaCnnLNG0010400	 1680	BnaCnng56580D	 126	-14.17	 -0.1524	588	713	1	126
BnaCnnLNG0010600	 354	BnaCnng56990D	 135	-5.64	 -0.1253	253	354	1	102
BnaCnnLNG0011000	 530	BnaCnng57370D	 324	-18.62	 -0.1135	308	530	1	223
BnaCnnLNG0011400	 2304	BnaCnng58410D	 222	-22.48	 -0.1036	2069	2290	1	222
BnaCnnLNG0011500	 718	BnaCnng58570D	 312	-24.44	 -0.1455	525	718	1	194
BnaCnnLNG0011700	 606	BnaCnng58940D	 111	-8.27	 -0.1047	489	599	1	111
BnaCnnLNG0011900	 625	BnaCnng61790D	 129	-4.68	 -0.1560	1	74	56	129
BnaCnnLNG0012000	 3727	BnaCnng61910D	 75	-8.21	 -0.1263	545	619	1	75
BnaCnnLNG0012200	 515	BnaCnng65480D	 240	-15.56	 -0.1170	144	383	1	240
BnaCnnLNG0012300	 543	BnaCnng66140D	 309	-12.86	 -0.1128	1	142	168	309
BnaCnnLNG0012500	 1724	BnaCnng68250D	 87	-10.61	 -0.1658	102	188	1	87
BnaCnnLNG0012700	 686	BnaCnng68310D	 228	-257.76	 -1.1355	446	673	1	228
BnaCnnLNG0012800	 777	BnaCnng69250D	 108	-15.29	 -0.1680	340	447	1	108
BnaCnnLNG0012900	 448	BnaCnng69250D	 108	-7.68	 -0.4800	100	207	1	108
BnaCnnLNG0013000	 332	BnaCnng69710D	 279	-8.99	 -0.4495	1	111	169	279
BnaCnnLNG0013200	 283	BnaCnng70760D	 483	-4.43	 -0.7383	214	283	1	70
BnaCnnLNG0013200	 283	BnaCnng70770D	 516	-8.04	 -0.1117	203	283	1	81
BnaCnnLNG0013200	 283	BnaCnng70790D	 111	-5.80	 -0.1234	224	283	1	60
BnaCnnLNG0013600	 203	BnaCnng73260D	 786	-13.64	 -0.1337	43	203	1	161
BnaCnnLNG0013600	 203	BnaCnng73280D	 723	-23.76	 -0.1271	1	203	12	214
BnaCnnLNG0013600	 203	BnaCnng73290D	 714	-22.95	 -0.1202	1	203	104	306
BnaCnnLNG0013600	 203	BnaCnng73300D	 78	-7.39	 -0.1120	1	73	6	78
BnaCnnLNG0013600	 203	BnaCnng73310D	 849	-16.71	 -0.1078	1	203	307	509
BnaCnnLNG0013600	 203	BnaCnng73340D	 1737	-21.34	 -0.1186	1	203	349	551
BnaCnnLNG0013700	 1080	BnaCnng73950D	 183	-20.46	 -0.1527	335	517	1	183
BnaCnnLNG0013900	 797	BnaCnng74590D	 33	-5.33	 -0.5922	458	490	1	33
BnaCnnLNG0014100	 1779	BnaCnng76080D	 69	-7.91	 -0.1198	207	275	1	69
BnaCnnLNG0014600	 474	BnaCnng78520D	 66	-5.84	 -0.2920	287	352	1	66
BnaCnnLNG0015300	 2287	BnaUnng03120D	 120	-15.36	 -0.1688	1637	1756	1	120
BnaCnnLNG0015400	 812	BnaUnng03340D	 51	-7.02	 -0.2006	158	208	1	51
BnaCnnLNG0015700	 3202	BnaUnng03860D	 81	-12.00	 -0.2927	1955	2035	1	81
BnaCnnLNG0015800	 593	BnaUnng04030D	 453	-23.12	 -0.1993	436	593	1	158
BnaCnnLNG0016000	 1276	BnaUnng04540D	 252	-15.53	 -0.1273	1102	1276	1	175
BnaCnnLNG0016000	 1276	BnaUnng04560D	 36	-7.02	 -0.2421	1160	1195	1	36
